	label	GraphST_default	GraphST_2	GraphST_dlpfc	GraphST_1	SEDR_default	SEDR_2	SEDR_dlpfc	SEDR_1	STAGATE_starmap	STAGATE_default	STAGATE_slide_stereo	STAGATE_1	BayesSpace_default	BayesSpace_melanoma	BayesSpace_1	BayesSpace_scc	bass_starmap	bass_default	bass_dlpfc	bass_1	spaGCN_default	spaGCN_2	spaGCN_3	spaGCN_1	stardust_default	stardust_tutorial	stardust_2	stardust_1	SpaceFlow_default	SpaceFlow_2	SpaceFlow_3	SpaceFlow_1	DRSC_default	DRSC_FindSVGs	DRSC_all_genes	DRSC_FindVariableFeatures	precast_default	precast_dlpfc	precast_1	precast_BC	seurat-louvain_louvain_3	seurat-leiden_leiden_4	seurat-leiden_leiden_1	seurat-louvain_louvain_1	seurat-louvain_louvain_4	seurat-leiden_leiden_2	seurat-louvain_louvain_2	seurat-leiden_leiden_3	CellCharter_default	CellCharter_2	CellCharter_dlpfc	CellCharter_1	BANKSY_starmap	BANKSY_default	BANKSY_github	BANKSY_dlpfc	scanpy-louvain_louvain_3	scanpy-leiden_leiden_4	scanpy-leiden_leiden_1	scanpy-louvain_louvain_1	scanpy-louvain_louvain_4	scanpy-leiden_leiden_2	scanpy-louvain_louvain_2	scanpy-leiden_leiden_3
label	0.0	0.41122967293916124	0.22530031437759165	0.4495788796091206	0.23747705304672231	0.26253668792197077	0.36305319649727974	0.2744055477233161	0.26378638858980574	0.3918020471695231	0.4706518810313856	0.2687976968051322	0.41222729071076014	0.3933265552780947	0.24735678863831373	0.24761575765071314	0.39427532272141125	0.37222058324557245	0.2184598505430525	0.37507622732662776	0.3773767589158707	0.23211489955753195	0.33921266670429306	0.3064295308609684	0.22398223713335308	0.21866424328946057	0.18997482645626074	0.20103539540139334	0.20755798987107282	0.24277484715212247	0.21172758201350972	0.30004193391589007	0.24135683134436983	0.38455566337672337	0.3279187196631251	0.3654921317757692	0.2375479712285911	0.3121863025688975	0.4047291495005394	0.3738533733396499	0.30984273126690615	0.4122237432321169	0.22639377434510202	0.2211130349437597	0.39873392051106726	0.38652141696727976	0.22639377434510202	0.38652141696727976	0.23445521030361852	0.3726141312666776	0.36627092097597463	0.3396200497981347	0.3841091871177559	0.24555503376693044	0.37689505931057943	0.4017700211804162	0.3861318859651892	0.15442768130471576	0.13160463690881002	0.14991633611152447	0.16509057998766102	0.20131152788976223	0.16122529511766343	0.13845661376181848	0.1540363806387316
GraphST_default	0.41122967293916124	0.0	0.386117812228308	0.739235045592563	0.3560946081263416	0.4975357719471109	0.37765983794822805	0.5054574125046267	0.34388400966339766	0.38476186586458166	0.4266545110103137	0.2651412781644037	0.3127127610027141	0.40647698402943344	0.32789059216597677	0.32721168502339826	0.40638057731762395	0.3417618604796856	0.3339450757237563	0.3679198026109324	0.3736279490716966	0.32685537421603694	0.2941638266492249	0.27871110466869603	0.30349120427138837	0.2992633677120662	0.22364231969808482	0.19714199955684786	0.2952634957547728	0.2576281270690581	0.2852234443563863	0.2627440850361176	0.2518123695619392	0.420159797969061	0.34667521270132806	0.4088175099760079	0.3284950619330762	0.3540522917115317	0.42836797344073174	0.3551468098697796	0.35252483994448436	0.4228422821116956	0.3111254229841052	0.26977943486832634	0.4009356665784727	0.34110834290614117	0.3111254229841052	0.34110834290614117	0.26351632146617704	0.39763140290820786	0.4221506579514679	0.3206255827665032	0.41509989796520463	0.2950681067578836	0.3328523909212635	0.4157478647536497	0.4200017169703619	0.22496446535333586	0.19326769992885612	0.20788348482019775	0.22769222413196977	0.23450127078928945	0.21856301766036268	0.18287618965451327	0.20212100231708274
GraphST_2	0.22530031437759165	0.386117812228308	0.0	0.3374146421885531	0.5764425745295664	0.49790838899801865	0.4586263408832654	0.47685959235235403	0.5428220298199405	0.4023025858959134	0.4324952170541719	0.43395596079203513	0.4666841795595794	0.45551175775252667	0.5269644263502395	0.5263333876183444	0.45607569417053	0.3930631263220579	0.5893128437699792	0.4217254030037671	0.4193748210299231	0.5329494899288161	0.4922457921087038	0.4609163502312179	0.5051042947792349	0.2971251581661281	0.2696973831478505	0.22428035265597093	0.37376021834586526	0.27275727711150366	0.29572689800831886	0.2846150817740951	0.2739024288175939	0.4616408248466594	0.531560725170651	0.44305906496216835	0.4756325607020603	0.5318848280034302	0.4451635901069239	0.5184465740597078	0.5311088367385897	0.3171910471921024	0.32890808969472274	0.3316732749791458	0.31121778936218414	0.3084487939725893	0.32890808969472274	0.3084487939725893	0.32921588425727716	0.4312228424037932	0.40370448147012955	0.36440778284349346	0.4678717133107626	0.412867943153196	0.34115936354163867	0.34254555762497446	0.3400565400106041	0.22796293712109986	0.15581133565108954	0.2135595892606252	0.2095176832694688	0.20959603938572025	0.16279438426822626	0.14740633698074967	0.22450152297207887
GraphST_dlpfc	0.4495788796091206	0.739235045592563	0.3374146421885531	0.0	0.39568410808080623	0.506794780861097	0.3860964129612946	0.5098181043628438	0.35052182021866823	0.40559279687122196	0.44016737102017395	0.2565600437139209	0.31488419237462717	0.41983838348102326	0.33485891222390723	0.33519959137523136	0.4197597352695375	0.35510253054862384	0.3376667911486632	0.38387707065439775	0.3892831240549546	0.3360427036756442	0.30100263785494685	0.27918236004488234	0.300794158205261	0.30222025577246553	0.2363905533215754	0.21028909526971687	0.2996500300507298	0.26778242813007447	0.2865833787488542	0.29144592383665097	0.2605523147672455	0.4253535759291248	0.3503216291960261	0.411958079530413	0.3295385804448281	0.35164118863258165	0.4426304949852179	0.363087291675218	0.35051809485430807	0.42264364519115993	0.29006916393050963	0.25626466255470387	0.40072394120022914	0.3454067538264083	0.29006916393050963	0.3454067538264083	0.25438419605456136	0.432701794612636	0.45885376569347464	0.3243079358016639	0.45570537170563374	0.3113488227031832	0.3480695624086487	0.43379972646663195	0.43929822039773936	0.2084552612308247	0.1806443384560709	0.1889776923703666	0.210034469253124	0.210143369584686	0.20573208021867426	0.1662668322073399	0.18703704309687735
GraphST_1	0.23747705304672231	0.3560946081263416	0.5764425745295664	0.39568410808080623	0.0	0.5520564815534299	0.4963326461038634	0.5270678998333415	0.6012627946725126	0.4787545029695474	0.4728197273683316	0.34761128492323434	0.4668435052952688	0.5197495710689778	0.5925352720811717	0.5933363036339813	0.5174355708345096	0.439410541231474	0.6586545886677062	0.49192894712383217	0.47741329198243265	0.5594838353354259	0.46562673163591745	0.41960082753895117	0.5013786927582222	0.3240658007296243	0.36649722939937984	0.2993337024340193	0.45364714122249106	0.33458502293923353	0.359133526776622	0.31916403139290644	0.33674158477729604	0.4979103739852491	0.5991634852760183	0.4889800752419654	0.5260468509570962	0.5842297456860019	0.5228090362180189	0.6057394005716502	0.5846251649970159	0.31279002307152176	0.3432314713952241	0.3343200500244161	0.3030571867860618	0.33279344076588596	0.3432314713952241	0.33279344076588596	0.33391870949390473	0.4741131413991277	0.48817208484960034	0.3853214440680801	0.5169406015072672	0.5624428064611778	0.43228683973235915	0.49054951380286227	0.5093687595663984	0.22448250907351974	0.15516949327625248	0.207459452038323	0.20965382928844897	0.19495733171176288	0.1609775479104902	0.14542427478588152	0.2152777036533516
SEDR_default	0.26253668792197077	0.4975357719471109	0.49790838899801865	0.506794780861097	0.5520564815534299	0.0	0.562882498910346	0.6769025910628474	0.5928553618291512	0.45644780945244945	0.3880332619968494	0.35009283665367236	0.39726509400285304	0.44307155012711175	0.49403769892079635	0.4947394232673604	0.4424716717313995	0.42674043523447086	0.6197751873634202	0.5050335652803027	0.49494619973642584	0.5682093876970251	0.44690532694188767	0.41387298779627535	0.5191553492963323	0.3277061342587042	0.28421967507922347	0.23870480722850593	0.4075499177474154	0.3087826954048971	0.352058165100411	0.26184606000734695	0.30789331345383003	0.469159462534629	0.5405887139740329	0.4978706864156483	0.4391859861388532	0.5712361528422166	0.4591411675156546	0.4894695303886328	0.5707425175135756	0.4541518254254177	0.40829775913223676	0.3751204037757351	0.44097719639674066	0.3987285911409749	0.40829775913223676	0.3987285911409749	0.35989315714217474	0.39388040392214313	0.3907821175985066	0.3022908828790179	0.4158863676494212	0.43790833138574164	0.40182688923250814	0.42320621316422213	0.43486555382967296	0.2675164517433718	0.19257713865265436	0.24405990555194357	0.25117163233439393	0.24413492497072106	0.20470036379368553	0.18542099596899986	0.25103990072792387
SEDR_2	0.36305319649727974	0.37765983794822805	0.4586263408832654	0.3860964129612946	0.4963326461038634	0.562882498910346	0.0	0.529214654321762	0.5600496960244543	0.46381064426995383	0.4952213534821273	0.3623872470637251	0.4627857109913339	0.4586388718673752	0.4483668902352987	0.448283853481999	0.45724089748245655	0.4074268356116379	0.49773790521184746	0.49330481780157226	0.4780305552413296	0.45909461945897473	0.41085156151562785	0.3839063660890641	0.42981780929343383	0.2570743898400691	0.2251840226970241	0.20932960324281635	0.3106488830843662	0.2566744528796612	0.2562173270192388	0.291860270220206	0.25514714988121007	0.49073370804090494	0.5248163929589615	0.5019265362525785	0.4120069689683871	0.5673690940692119	0.538842587677672	0.534163989828573	0.5666899792005669	0.38763515284680067	0.31103193155493614	0.3011842436417186	0.37853854146984617	0.3614778360202084	0.31103193155493614	0.3614778360202084	0.3002477602534112	0.43286408040561053	0.43836460151414003	0.4112297701462918	0.44209965860330064	0.3414893337814488	0.3294071109478678	0.33474940075040144	0.34315814595936595	0.2110641750274411	0.15490767254037757	0.19946286094810609	0.2022099634369155	0.21559449743409712	0.17102894639912242	0.1471322053535895	0.20542783415023785
SEDR_dlpfc	0.2744055477233161	0.5054574125046267	0.47685959235235403	0.5098181043628438	0.5270678998333415	0.6769025910628474	0.529214654321762	0.0	0.5541306134400572	0.4263867083225672	0.4184519708326009	0.30879075534908546	0.38093364737972896	0.469799745391932	0.4626025038144729	0.4619030392335112	0.46921052272837616	0.37618588938709024	0.5219529759084321	0.434779430230682	0.42852498772014186	0.4536115463980572	0.40467298108275457	0.38007084084359294	0.4238154974478922	0.2627553985060459	0.2619303373257179	0.204453194113278	0.3256972772740982	0.26922233475942015	0.32385553508978787	0.24590036994788822	0.2610587142270921	0.49662543097289613	0.5652466649534958	0.47993645780886085	0.43251497880221484	0.559658220549446	0.493510823962108	0.5220543018065199	0.558397193934777	0.38484604857335936	0.32053120379462563	0.2924157555143274	0.3700882647470764	0.32084501838445095	0.32053120379462563	0.32084501838445095	0.2808235813380341	0.37892750619343984	0.36851314727983053	0.3774210522822479	0.42736154032477647	0.3819562857889636	0.33206044480664604	0.36759779530399783	0.37235123072001375	0.2202659545214895	0.14583618465475054	0.20264821447009732	0.204247467166259	0.1964790698539422	0.15959186523762992	0.1513264969935096	0.20493418875359273
SEDR_1	0.26378638858980574	0.34388400966339766	0.5428220298199405	0.35052182021866823	0.6012627946725126	0.5928553618291512	0.5600496960244543	0.5541306134400572	0.0	0.45132546775144955	0.4945920492461333	0.35729959803950057	0.4814042797567271	0.4851080758592452	0.5666210539062864	0.5673963763837542	0.48568567608323604	0.42127467009044234	0.6506891607749389	0.4532144316288311	0.4466557385501299	0.5589658070301411	0.4625180310994619	0.4194388689330067	0.5080792725408272	0.26949553653570585	0.25531256566902366	0.20178309539170325	0.3403092186643879	0.2677471115248809	0.2858972110655912	0.31676362083468995	0.2622333751709061	0.48097452020086184	0.5576561525469445	0.46447519850048635	0.4966626225026398	0.5686041371277719	0.49867476769125735	0.5826484853807858	0.568458795394504	0.3211822972048531	0.327012109862194	0.3214986061823208	0.31330947340188436	0.3218703369653284	0.327012109862194	0.3218703369653284	0.3154506645508512	0.4680241238943855	0.43873949826201214	0.4042920143928982	0.5217223661565973	0.40848044403096373	0.3595050261017792	0.3379501800963405	0.3452927299471473	0.2160423015481016	0.14138475155852584	0.2014218663924461	0.1999396691831065	0.19251721686829223	0.14793850865034167	0.1327000690682249	0.21121186918529253
STAGATE_starmap	0.3918020471695231	0.38476186586458166	0.4023025858959134	0.40559279687122196	0.4787545029695474	0.45644780945244945	0.46381064426995383	0.4263867083225672	0.45132546775144955	0.0	0.7363867267643034	0.2752085906181946	0.4537545102778711	0.7349525121610992	0.5583819797644045	0.5587570239122368	0.7352362952531422	0.6669092177306513	0.44976733716235273	0.7585732704330307	0.7710480641112547	0.4312310477158956	0.4063944942220732	0.35133885052635416	0.39633593548603113	0.24632052136947935	0.275064730271881	0.23496954981222493	0.29094916095196666	0.27916112530050724	0.28496522234292254	0.3656247433097221	0.2771866527475287	0.7255324773735605	0.6133181274366974	0.718220968595804	0.47278281601434424	0.6281946890300263	0.6623060941804922	0.5854884728633386	0.6235463723806718	0.3376977263163398	0.29028143878160273	0.27913352987268697	0.3341560222298852	0.3618102651087025	0.29028143878160273	0.3618102651087025	0.2794993536128948	0.46671359145150004	0.61117130668896	0.4824603893945671	0.4497589650507723	0.37332317405078225	0.5254305994991276	0.44666447666443243	0.4440418000892458	0.18428186326765075	0.13569395944981857	0.18172291869003182	0.18317743460232755	0.18023411656023827	0.1497483751954974	0.13175884843258667	0.1804880185505872
STAGATE_default	0.4706518810313856	0.4266545110103137	0.4324952170541719	0.44016737102017395	0.4728197273683316	0.3880332619968494	0.4952213534821273	0.4184519708326009	0.4945920492461333	0.7363867267643034	0.0	0.3002941649600249	0.5321821532071408	0.711102213448502	0.5366750963544886	0.535979169279639	0.7129239863903483	0.5818701430599921	0.4266028555246642	0.6546401041890308	0.6697339918313167	0.37175344124037735	0.3910778018450886	0.33829552531335094	0.3473742950465592	0.24839114634962056	0.26858006161006565	0.23558446804879513	0.272425901553193	0.2772076211034915	0.26283006160787686	0.3966620328667924	0.2684881788819462	0.7042511874767164	0.5775026948861492	0.6547433871141295	0.48373984898716166	0.6076570685646354	0.7008153644486089	0.6337563813285397	0.6032794039866702	0.32352176404456073	0.2433574334729101	0.2361425199153535	0.31439055462667437	0.3387618448679826	0.2433574334729101	0.3387618448679826	0.2428741522317897	0.519289573263533	0.6149427225854041	0.5266886788598064	0.5083495282276106	0.3616324683661502	0.5133882771330298	0.45277522364269485	0.44726010831529134	0.1782395424680824	0.1333604684595838	0.1749386877739677	0.18026975180617896	0.18779889951417905	0.1482938638635054	0.1320823006663284	0.17266987845462511
STAGATE_slide_stereo	0.2687976968051322	0.2651412781644037	0.43395596079203513	0.2565600437139209	0.34761128492323434	0.35009283665367236	0.3623872470637251	0.30879075534908546	0.35729959803950057	0.2752085906181946	0.3002941649600249	0.0	0.41638029732699566	0.2944311709045023	0.35903970679009634	0.35965068354954816	0.2954808555460659	0.302070098461109	0.3683215403818554	0.2963928897054441	0.29213431154808794	0.3775914901966471	0.44939104358207693	0.4749832876363962	0.38735181643417166	0.24033437554986734	0.1943240994575151	0.182944872365896	0.3063145978734279	0.21432442079426456	0.20111630757134202	0.21776932450592348	0.21531217474739806	0.30028484806955746	0.3902651400247107	0.29389630695820096	0.31888994986390273	0.4142839036949787	0.31278659122939473	0.39544295745084773	0.414773336676893	0.3645953466293794	0.33105289139918503	0.3637815301268504	0.35659523946448557	0.3612553460375863	0.33105289139918503	0.3612553460375863	0.37941201671376656	0.3172754796684919	0.28284402925903357	0.26889884715794615	0.33301272909998775	0.2938037610715127	0.22152181103316052	0.2216001421422507	0.22181123061285538	0.23989339637051746	0.17254175500959296	0.22236020901257034	0.221992978969224	0.2121658417017826	0.18629522529885018	0.16198499190914206	0.23660574847044974
STAGATE_1	0.41222729071076014	0.3127127610027141	0.4666841795595794	0.31488419237462717	0.4668435052952688	0.39726509400285304	0.4627857109913339	0.38093364737972896	0.4814042797567271	0.4537545102778711	0.5321821532071408	0.41638029732699566	0.0	0.47984528579504204	0.527600462146678	0.5281684467416894	0.48163609271166974	0.5317176959968758	0.4461218829873555	0.4694766990702234	0.4631868399877584	0.47588632434820227	0.5249337802396181	0.4568679566520104	0.4410987420326648	0.2750281221750829	0.30342264748886866	0.2600145554724216	0.3144559987008788	0.2900119771509239	0.2740976107818651	0.3925995396004624	0.2874540862536875	0.44230838519709176	0.5718002908127483	0.44227232917494247	0.4615765371233496	0.5647439656089452	0.47406760120496433	0.6130073389935566	0.5605548811512944	0.4054741409919566	0.2920412362258162	0.2972438510135938	0.397809348268433	0.4006275603459167	0.2920412362258162	0.4006275603459167	0.30938282499707054	0.5708615555902468	0.5367859530020906	0.44907189536843317	0.583911679980523	0.4132977010583724	0.319727462848924	0.3073882956100886	0.31089185753283305	0.2241195181802278	0.16091156461514314	0.2024741308128006	0.20480130407525482	0.21221077015604145	0.175775968880388	0.14906453156804336	0.21285419003484693
BayesSpace_default	0.3933265552780947	0.40647698402943344	0.45551175775252667	0.41983838348102326	0.5197495710689778	0.44307155012711175	0.4586388718673752	0.469799745391932	0.4851080758592452	0.7349525121610992	0.711102213448502	0.2944311709045023	0.47984528579504204	0.0	0.6930367149910254	0.6922501388598432	0.9950311102406939	0.7133332724435394	0.5302836309439433	0.7622841853783899	0.7705815233255997	0.45677329842471753	0.4626813850210888	0.40796478910737455	0.4339685745158934	0.21976836644352443	0.2608827316272964	0.21950424747954977	0.25470723377605736	0.25202115121101	0.2500950946191667	0.34659939499520326	0.24023613266341343	0.8033300403997509	0.7265463845778257	0.7615149881620136	0.5091223854942146	0.6696844171443663	0.7490037042250188	0.6610470221166611	0.6675435716664229	0.32214724925846133	0.2497802585301361	0.23946208351573925	0.3208619472968186	0.3258518279233657	0.2497802585301361	0.3258518279233657	0.2379400650859302	0.4599310475747516	0.5968993724049695	0.5106486356556316	0.4511255214423155	0.342486394277488	0.4714512883907932	0.4188198885076472	0.41006065083956583	0.16343211234008204	0.12150360825957925	0.16385548933851882	0.16380118936891697	0.16960723135356834	0.1344247603804765	0.12241804039408281	0.15963002985440894
BayesSpace_melanoma	0.24735678863831373	0.32789059216597677	0.5269644263502395	0.33485891222390723	0.5925352720811717	0.49403769892079635	0.4483668902352987	0.4626025038144729	0.5666210539062864	0.5583819797644045	0.5366750963544886	0.35903970679009634	0.527600462146678	0.6930367149910254	0.0	0.9991658303934043	0.6955011112909286	0.6147189562399474	0.6139555016585955	0.5908762458637635	0.5897704069793906	0.5554195312860691	0.535410250739028	0.47733385395778466	0.5181930505613928	0.30714118525099515	0.3566462066234539	0.3118716193445153	0.4191430699669565	0.34749028930470083	0.36041053689211017	0.4441690072278889	0.3350922853957772	0.6105224021121446	0.6976522210724265	0.5678518986175074	0.6735618441047684	0.636450035528722	0.5614697443618917	0.6449041234962755	0.6349176351567983	0.3943745573580057	0.3927739200335891	0.39200854265832463	0.390278147147621	0.43648508600078145	0.3927739200335891	0.43648508600078145	0.39391777189367205	0.5114271633666501	0.538526085025017	0.39595207253810655	0.5547375089767987	0.48371911430925985	0.3664277727756354	0.3210837616871891	0.3288296455099953	0.23821093837677423	0.18213011655766623	0.223099484158158	0.2303998974220038	0.20834993450746828	0.18641370238260138	0.16185381968648818	0.22689958639596952
BayesSpace_1	0.24761575765071314	0.32721168502339826	0.5263333876183444	0.33519959137523136	0.5933363036339813	0.4947394232673604	0.448283853481999	0.4619030392335112	0.5673963763837542	0.5587570239122368	0.535979169279639	0.35965068354954816	0.5281684467416894	0.6922501388598432	0.9991658303934043	0.0	0.6947146503952251	0.6150939889471939	0.6132799787638362	0.5913093385239644	0.5901750549274375	0.5548517922849996	0.5348857091233947	0.47683078947960117	0.5176580812677463	0.30706743913011597	0.35672503761205016	0.3119581912519639	0.41904759116065093	0.34779098544146186	0.36082579097338013	0.4445515594589846	0.33538419263461333	0.610913047824958	0.6983316118110645	0.5671126410790208	0.6743224263401166	0.63575877403188	0.561867497875716	0.6441982789193675	0.6342281594146113	0.3949185865442657	0.39349656058610405	0.39273404298658604	0.39028491474253846	0.4363701106056029	0.39349656058610405	0.4363701106056029	0.3946308876172468	0.5108801661420681	0.5389589312138008	0.3961046907976296	0.554164615079607	0.4834772747477281	0.36678864667497385	0.3208100055284643	0.3285499871158244	0.2384507369383801	0.1824464608308327	0.22336166289776813	0.2306827787225411	0.20854551883553937	0.18671201500073056	0.16219057955437638	0.22711623941609785
BayesSpace_scc	0.39427532272141125	0.40638057731762395	0.45607569417053	0.4197597352695375	0.5174355708345096	0.4424716717313995	0.45724089748245655	0.46921052272837616	0.48568567608323604	0.7352362952531422	0.7129239863903483	0.2954808555460659	0.48163609271166974	0.9950311102406939	0.6955011112909286	0.6947146503952251	0.0	0.7158888478936347	0.5310689186316924	0.7627363389959412	0.7743329756194637	0.45785545156775254	0.4631712184883294	0.4082972876137047	0.4349964186344169	0.21958864421258095	0.26226471667781825	0.22046899727731495	0.2547510841301088	0.25170848051686445	0.24967328552463477	0.34808341658608927	0.24055466277937693	0.8036289812800631	0.7255437790401212	0.7602233107273774	0.5117306383425162	0.6687946949027899	0.7481682872584786	0.6600522741722679	0.6666578563864447	0.32288620431746423	0.2494701516105788	0.23936847880687898	0.3216563656778508	0.3264205263326425	0.2494701516105788	0.3264205263326425	0.23791794197041383	0.46128237618580137	0.5939666282811782	0.5091375188783721	0.45248385813584574	0.34385943455628937	0.472285921088619	0.4181718984227406	0.4094079448096889	0.16332800265497932	0.1215957883716005	0.16362159751800584	0.16336079904058537	0.16978266342457246	0.1346015040972317	0.12223536282137352	0.15948727805075733
bass_starmap	0.37222058324557245	0.3417618604796856	0.3930631263220579	0.35510253054862384	0.439410541231474	0.42674043523447086	0.4074268356116379	0.37618588938709024	0.42127467009044234	0.6669092177306513	0.5818701430599921	0.302070098461109	0.5317176959968758	0.7133332724435394	0.6147189562399474	0.6150939889471939	0.7158888478936347	0.0	0.5057863686651032	0.7067172826464854	0.7221819012702326	0.4564076497932854	0.4580130055443316	0.39513336824782297	0.42857636554764506	0.21733972128427206	0.27560778667908825	0.22674166216176922	0.25419969919149155	0.2432216659094821	0.2473298661870948	0.34574470219889036	0.2390868052189331	0.6524992506152326	0.6477434867677782	0.650191687109008	0.45426834234190683	0.5877607605344204	0.5918845121010029	0.5959366866451822	0.5873538742201	0.3524374029978433	0.2630309752281926	0.255710984952626	0.3543843558804278	0.3464025943211915	0.2630309752281926	0.3464025943211915	0.2578537579815284	0.4539354874080716	0.5839608396119406	0.4796213648095009	0.4444498760714313	0.36160433108337053	0.40655190599394203	0.3527868126785119	0.3513392231442048	0.1674080342851585	0.12244752876414121	0.16042799574520092	0.1635575305613845	0.16962194453487975	0.1360397352735558	0.1221484548318716	0.16144446625715653
bass_default	0.2184598505430525	0.3339450757237563	0.5893128437699792	0.3376667911486632	0.6586545886677062	0.6197751873634202	0.49773790521184746	0.5219529759084321	0.6506891607749389	0.44976733716235273	0.4266028555246642	0.3683215403818554	0.4461218829873555	0.5302836309439433	0.6139555016585955	0.6132799787638362	0.5310689186316924	0.5057863686651032	0.0	0.5060772086502641	0.5010810605487251	0.6719278948854704	0.5254761844648489	0.4755742230348583	0.6066329989089727	0.2993695600436255	0.2855740920780404	0.23502317011064694	0.3826919054106648	0.30031298357313446	0.32187443082260386	0.3007241749438205	0.2972905881994842	0.5306193621389845	0.6033154442103151	0.5035662318869255	0.5035379748645153	0.5870637280548989	0.47670556047958845	0.5368964286563567	0.586755835500337	0.3305016035257694	0.34615903132705433	0.33492782456127074	0.32332751271379867	0.32400653061448353	0.34615903132705433	0.32400653061448353	0.32862027652278447	0.4558114126471167	0.3937553524231209	0.3327988332130584	0.49925735673028815	0.43229524524584084	0.3891767689606994	0.3955414728400797	0.4001613538911457	0.22892575059878392	0.15074101879208635	0.208387720268861	0.20642837769445924	0.20179338922334997	0.15581248798556188	0.13318227723093712	0.2233851443904552
bass_dlpfc	0.37507622732662776	0.3679198026109324	0.4217254030037671	0.38387707065439775	0.49192894712383217	0.5050335652803027	0.49330481780157226	0.434779430230682	0.4532144316288311	0.7585732704330307	0.6546401041890308	0.2963928897054441	0.4694766990702234	0.7622841853783899	0.5908762458637635	0.5913093385239644	0.7627363389959412	0.7067172826464854	0.5060772086502641	0.0	0.9423156228116599	0.4782423778636986	0.4402166295739141	0.3879617149130954	0.4498158071569318	0.2450267363528538	0.27712864841238577	0.23259194345985396	0.30599924110276727	0.28130333794834045	0.29375930132425426	0.35625212206912704	0.27557697378947593	0.7707103032039427	0.6849335071732839	0.8112927865309099	0.46400405807138234	0.6799212517915907	0.721648801305186	0.5949396247397746	0.6758534932784851	0.35186590243391286	0.305427415467273	0.29257228793818035	0.35256141301779437	0.365178349477508	0.305427415467273	0.365178349477508	0.28925489045875247	0.4398953522389831	0.600406992372835	0.48235638736885245	0.4187621589796898	0.36707673422210807	0.49245121471823633	0.43774860660822157	0.42709568437088297	0.18819744438080274	0.1367041565022842	0.18649478202616662	0.18521001874394954	0.19244761195745458	0.1486179919429951	0.13548855023530582	0.18490591688874922
bass_1	0.3773767589158707	0.3736279490716966	0.4193748210299231	0.3892831240549546	0.47741329198243265	0.49494619973642584	0.4780305552413296	0.42852498772014186	0.4466557385501299	0.7710480641112547	0.6697339918313167	0.29213431154808794	0.4631868399877584	0.7705815233255997	0.5897704069793906	0.5901750549274375	0.7743329756194637	0.7221819012702326	0.5010810605487251	0.9423156228116599	0.0	0.47017909295660776	0.4372266988190629	0.3846502218177099	0.44556115920224165	0.2441952397191497	0.27873778272364563	0.23323864791668267	0.3061139267295888	0.2815674654634524	0.2929883443403372	0.35878646959725846	0.27815243114512234	0.7843178339102695	0.6742238739400434	0.8063692403358012	0.46734877785598294	0.6689960989909266	0.7171183164520398	0.5869658848185165	0.6660715741258182	0.3477799052905495	0.3062210831279152	0.2934015828581588	0.3485685241800422	0.3667110189964688	0.3062210831279152	0.3667110189964688	0.28892267229752794	0.4334447988751725	0.5893570239203383	0.48501506264579236	0.41516889718908	0.3686068153483762	0.5125385363491828	0.44403026786545124	0.4370432330907576	0.1871253002179357	0.13631258928282475	0.18671991969328153	0.18531193616009028	0.19072435813446842	0.1480319361367876	0.13679214014248148	0.18451327936775905
spaGCN_default	0.23211489955753195	0.32685537421603694	0.5329494899288161	0.3360427036756442	0.5594838353354259	0.5682093876970251	0.45909461945897473	0.4536115463980572	0.5589658070301411	0.4312310477158956	0.37175344124037735	0.3775914901966471	0.47588632434820227	0.45677329842471753	0.5554195312860691	0.5548517922849996	0.45785545156775254	0.4564076497932854	0.6719278948854704	0.4782423778636986	0.47017909295660776	0.0	0.5742594293816418	0.5115734207471256	0.846061548361966	0.31268422922787803	0.2708057285214231	0.21746825829450286	0.3768497630244368	0.2995945420709442	0.3045801148421491	0.3052008150574106	0.3012222392791585	0.4399176099535261	0.550430949239286	0.4510707176256811	0.42683504709095327	0.5008518229469752	0.3863951275855291	0.45849317182759175	0.5002181269957233	0.34437310599987436	0.3603591685133531	0.3523132852894888	0.34068448831604836	0.3394546502917399	0.3603591685133531	0.3394546502917399	0.3466943860869625	0.47723324876110124	0.41682269623032464	0.3177367552762887	0.5033326402490179	0.4181244650655936	0.34506317774113765	0.35997698304861847	0.36475855836672605	0.24405167731132293	0.1653662851058409	0.22009832694495823	0.21900213285095338	0.2118964848467238	0.1753648739040007	0.14540910620965436	0.23536658240176786
spaGCN_2	0.33921266670429306	0.2941638266492249	0.4922457921087038	0.30100263785494685	0.46562673163591745	0.44690532694188767	0.41085156151562785	0.40467298108275457	0.4625180310994619	0.4063944942220732	0.3910778018450886	0.44939104358207693	0.5249337802396181	0.4626813850210888	0.535410250739028	0.5348857091233947	0.4631712184883294	0.4580130055443316	0.5254761844648489	0.4402166295739141	0.4372266988190629	0.5742594293816418	0.0	0.8064701372827375	0.5378237472326589	0.2534694539721883	0.25015417917825733	0.22554361153104058	0.34036008147767954	0.2534315656818703	0.24418131973730015	0.28117739673218567	0.2512406926287647	0.44667026086367423	0.5627242853569859	0.4240680890928997	0.41278079642334187	0.49687275440586925	0.38357440394037257	0.49198211466599895	0.49388503199223066	0.389451430340559	0.3429771347678967	0.35493296261908425	0.38350517553942687	0.3971036305970794	0.3429771347678967	0.3971036305970794	0.36685368705513205	0.4087152543573932	0.36199969148858746	0.33982665030370923	0.4326078569950753	0.38297099119413325	0.30012374599895525	0.28717000803947257	0.2841604006553737	0.2137664518928281	0.16003417549704166	0.1944526827447995	0.19527567678211155	0.1986822446784602	0.17544125981125494	0.14373599965659373	0.20575340451307175
spaGCN_3	0.3064295308609684	0.27871110466869603	0.4609163502312179	0.27918236004488234	0.41960082753895117	0.41387298779627535	0.3839063660890641	0.38007084084359294	0.4194388689330067	0.35133885052635416	0.33829552531335094	0.4749832876363962	0.4568679566520104	0.40796478910737455	0.47733385395778466	0.47683078947960117	0.4082972876137047	0.39513336824782297	0.4755742230348583	0.3879617149130954	0.3846502218177099	0.5115734207471256	0.8064701372827375	0.0	0.5181574958755635	0.24050503088803016	0.22671285974036684	0.2077602705745774	0.3296280446708334	0.2357102902455195	0.22242111553124747	0.24733072344512627	0.2336664337646842	0.3938038005696994	0.5101346619495678	0.38247863705458796	0.369234640056917	0.4520424053880361	0.3446050326226349	0.4435957045578239	0.451281946367604	0.36666461421993024	0.33864792132801547	0.35243646739646245	0.362469200894276	0.3669163786469956	0.33864792132801547	0.3669163786469956	0.36151469509954864	0.36218158087956165	0.3191751580923731	0.30227952659649177	0.389277051945468	0.3420381123809952	0.26226441861599387	0.25978721322602777	0.2568070813137524	0.21236932772854905	0.1577579953843581	0.19650791578321203	0.1953631568783319	0.19315908614312735	0.17101449060171098	0.14250466183564583	0.20941789860717233
spaGCN_1	0.22398223713335308	0.30349120427138837	0.5051042947792349	0.300794158205261	0.5013786927582222	0.5191553492963323	0.42981780929343383	0.4238154974478922	0.5080792725408272	0.39633593548603113	0.3473742950465592	0.38735181643417166	0.4410987420326648	0.4339685745158934	0.5181930505613928	0.5176580812677463	0.4349964186344169	0.42857636554764506	0.6066329989089727	0.4498158071569318	0.44556115920224165	0.846061548361966	0.5378237472326589	0.5181574958755635	0.0	0.2976072021614389	0.256052676238441	0.20479818824307178	0.3614654028102563	0.28461792965674915	0.2852541711270235	0.2845440637909334	0.28666650773355173	0.4188313649054525	0.5200024485776024	0.4297141393492437	0.40020410463918543	0.4828525380956413	0.3727556528272543	0.43799556102527215	0.4838979095182865	0.334159438503783	0.35814968655840845	0.3474007455003121	0.33190563669506756	0.3287985749143617	0.35814968655840845	0.3287985749143617	0.3409898849053031	0.4316055215281082	0.3790671328598054	0.30727309462502367	0.4554115604119079	0.38589792360963304	0.32219812567091904	0.3204644388752689	0.3258468957485297	0.24451014674409585	0.1681488521255804	0.2211981405546409	0.22083516693550093	0.21506433019696264	0.176052534519393	0.15015475988109225	0.23437252959553223
stardust_default	0.21866424328946057	0.2992633677120662	0.2971251581661281	0.30222025577246553	0.3240658007296243	0.3277061342587042	0.2570743898400691	0.2627553985060459	0.26949553653570585	0.24632052136947935	0.24839114634962056	0.24033437554986734	0.2750281221750829	0.21976836644352443	0.30714118525099515	0.30706743913011597	0.21958864421258095	0.21733972128427206	0.2993695600436255	0.2450267363528538	0.2441952397191497	0.31268422922787803	0.2534694539721883	0.24050503088803016	0.2976072021614389	0.0	0.5028557662670794	0.4167352096531741	0.42152597944101605	0.3474844340186423	0.41393035767710823	0.373729854813858	0.351785106684489	0.22805639937068994	0.251918425097285	0.2309621319175006	0.2968114621007523	0.2568473338922653	0.22923680220704512	0.25878327540499285	0.2560070262858492	0.2977022450747003	0.42897527681806863	0.39726397879471986	0.2923297620860661	0.35716150114546913	0.42897527681806863	0.35716150114546913	0.3991053657652294	0.35300381549299814	0.31883325807845253	0.23867100576822353	0.35559469206511857	0.39897365001378404	0.3295227399570637	0.407292613120599	0.4125233101118451	0.30827318342598775	0.2577969320552494	0.2940206256556071	0.30483586018718123	0.257030721824503	0.2579333413139507	0.2351716437935969	0.30220431240835666
stardust_tutorial	0.18997482645626074	0.22364231969808482	0.2696973831478505	0.2363905533215754	0.36649722939937984	0.28421967507922347	0.2251840226970241	0.2619303373257179	0.25531256566902366	0.275064730271881	0.26858006161006565	0.1943240994575151	0.30342264748886866	0.2608827316272964	0.3566462066234539	0.35672503761205016	0.26226471667781825	0.27560778667908825	0.2855740920780404	0.27712864841238577	0.27873778272364563	0.2708057285214231	0.25015417917825733	0.22671285974036684	0.256052676238441	0.5028557662670794	0.0	0.6953145474361992	0.5316172420244012	0.467010968181122	0.4482147285067723	0.4207638844955575	0.4694498177528693	0.2599632637227519	0.2889148862543834	0.2615101238058743	0.3039077188416326	0.3106651976809391	0.26486562472394354	0.29791790362995463	0.307882844397371	0.24249567632395655	0.2754887161114168	0.2756840425752977	0.23974254104692827	0.28902875940496825	0.2754887161114168	0.28902875940496825	0.2795281233399871	0.3234296709592973	0.3242631431809286	0.2357160267700158	0.34484601190327185	0.5822079525222273	0.44839750019900537	0.4127274521570697	0.43044946790869176	0.20642497475098917	0.16016809780380722	0.19459015566296942	0.21243905050854256	0.17063167267747487	0.16356757821758997	0.1543525019612	0.19419585439740147
stardust_2	0.20103539540139334	0.19714199955684786	0.22428035265597093	0.21028909526971687	0.2993337024340193	0.23870480722850593	0.20932960324281635	0.204453194113278	0.20178309539170325	0.23496954981222493	0.23558446804879513	0.182944872365896	0.2600145554724216	0.21950424747954977	0.3118716193445153	0.3119581912519639	0.22046899727731495	0.22674166216176922	0.23502317011064694	0.23259194345985396	0.23323864791668267	0.21746825829450286	0.22554361153104058	0.2077602705745774	0.20479818824307178	0.4167352096531741	0.6953145474361992	0.0	0.4662081539123875	0.4284596559218773	0.3802994413200603	0.3675700285081102	0.4267021875012594	0.21879641177809758	0.24068109977972055	0.21962014183205425	0.2754965902530116	0.2625134772327333	0.22159168404371468	0.2553798799825136	0.2614643758598464	0.2704980057405431	0.2538353187880767	0.25406227664972275	0.2731257206629473	0.29819424516909077	0.2538353187880767	0.29819424516909077	0.2557652297175518	0.30584699472626264	0.28308276759712064	0.17981973320764572	0.2935370664690917	0.49337649000381334	0.3745351813354433	0.3258426875480405	0.33342305508487935	0.18068041828548503	0.14173928188850293	0.17002783618152859	0.19195242906145174	0.15613578254856064	0.1498535339696932	0.13419648007894935	0.1721821186625596
stardust_1	0.20755798987107282	0.2952634957547728	0.37376021834586526	0.2996500300507298	0.45364714122249106	0.4075499177474154	0.3106488830843662	0.3256972772740982	0.3403092186643879	0.29094916095196666	0.272425901553193	0.3063145978734279	0.3144559987008788	0.25470723377605736	0.4191430699669565	0.41904759116065093	0.2547510841301088	0.25419969919149155	0.3826919054106648	0.30599924110276727	0.3061139267295888	0.3768497630244368	0.34036008147767954	0.3296280446708334	0.3614654028102563	0.42152597944101605	0.5316172420244012	0.4662081539123875	0.0	0.4552937581655336	0.4547923522627154	0.3734561771464739	0.46300821896553457	0.2815072855221123	0.33758131314614676	0.2891784468982296	0.3830985685379771	0.36235271529110435	0.26600274426335124	0.3288849135012384	0.36280663027304144	0.38980655830143435	0.45654917984101173	0.460969062535533	0.3906661511851861	0.45695911706191594	0.45654917984101173	0.45695911706191594	0.4557687755369294	0.33395901219195934	0.3139557348541638	0.21200377622403632	0.3494781669226562	0.6271749243148329	0.48681796134861277	0.42083920201593084	0.4405519176031582	0.2831660672376745	0.2237861787516421	0.26736025694919796	0.28629368419697443	0.2515156343857459	0.23064716905325355	0.2074637758168003	0.2713181879629738
SpaceFlow_default	0.24277484715212247	0.2576281270690581	0.27275727711150366	0.26778242813007447	0.33458502293923353	0.3087826954048971	0.2566744528796612	0.26922233475942015	0.2677471115248809	0.27916112530050724	0.2772076211034915	0.21432442079426456	0.2900119771509239	0.25202115121101	0.34749028930470083	0.34779098544146186	0.25170848051686445	0.2432216659094821	0.30031298357313446	0.28130333794834045	0.2815674654634524	0.2995945420709442	0.2534315656818703	0.2357102902455195	0.28461792965674915	0.3474844340186423	0.467010968181122	0.4284596559218773	0.4552937581655336	0.0	0.5383677181014017	0.4512154041586361	0.9501059745980344	0.273149272501443	0.28518069603382523	0.29016134668245974	0.3222778116800053	0.2961766718777282	0.2603993070387285	0.262602946416307	0.2952260692206517	0.26929209716080765	0.2802381999676537	0.27403065461254467	0.26538071174794725	0.28294189408021586	0.2802381999676537	0.28294189408021586	0.2762846594295752	0.37888669838263206	0.35017054545679716	0.270214874688675	0.36817004933773556	0.4695522348788163	0.4655561334210106	0.41419500799030284	0.4251937798540281	0.2777447898376499	0.1751072162993465	0.24847500159428004	0.2535790931814677	0.2047137181112737	0.18173036392682	0.1528704451674822	0.26362808892009554
SpaceFlow_2	0.21172758201350972	0.2852234443563863	0.29572689800831886	0.2865833787488542	0.359133526776622	0.352058165100411	0.2562173270192388	0.32385553508978787	0.2858972110655912	0.28496522234292254	0.26283006160787686	0.20111630757134202	0.2740976107818651	0.2500950946191667	0.36041053689211017	0.36082579097338013	0.24967328552463477	0.2473298661870948	0.32187443082260386	0.29375930132425426	0.2929883443403372	0.3045801148421491	0.24418131973730015	0.22242111553124747	0.2852541711270235	0.41393035767710823	0.4482147285067723	0.3802994413200603	0.4547923522627154	0.5383677181014017	0.0	0.6308999086836196	0.547755652871353	0.27973823901041056	0.30107273767721393	0.2935263454746733	0.32758188694505846	0.3137393855621405	0.27800637668248124	0.28398969408572794	0.31443173633207655	0.2583404581026777	0.30049016338049167	0.2905582569188785	0.2454549448133973	0.28424202226131134	0.30049016338049167	0.28424202226131134	0.290650036088015	0.37001703583010936	0.35317156375474007	0.27690856081938997	0.35954151508148796	0.4807419811077095	0.45265948299155007	0.4720048117424003	0.47646812920954723	0.24825960132288566	0.1671578590947547	0.2302209788852877	0.2399590166947251	0.19544760336799663	0.1763569865421716	0.14857988344107628	0.24883938369051678
