	label	spaGCN_6	spaGCN_4	spaGCN_7	spaGCN_14	spaGCN_13	scanpy_2	scanpy_3	scanpy_1	bass_5	bass_2	bass_3	bass_4	CellCharter_2	CellCharter_3	CellCharter_1	SEDR_5	SEDR_2	SEDR_3	SEDR_6	SEDR_1	SEDR_4	SpaceFlow_1	SpaceFlow_4	DRSC_4	seurat_2	seurat_3	seurat_1	seurat_4	BANKSY_2	BANKSY_4	STAGATE_12	STAGATE_11	STAGATE_2	STAGATE_3	STAGATE_10	STAGATE_1	STAGATE_4	STAGATE_13
label	0.0	0.4146381181272067	0.40512019029586227	0.2120210726926896	0.23810189214784616	0.23665632282819343	0.1973041574460223	0.22556538724826256	0.22720171788806773	0.42655305248652653	0.4534066526146232	0.2596495556505379	0.3228294716068157	0.3710547640527909	0.3701789134377179	0.3243974354782038	0.3639740807010478	0.33988581399915774	0.38313899443892285	0.39740608105833286	0.276764183924532	0.29352883774993577	0.35212443691969403	0.3968018486760978	0.21825877164862523	0.2023561136723929	0.20177440146856573	0.22244437676414128	0.19768881087210707	0.25207661005143855	0.24338286305422646	0.27725922127285196	0.3702219549912521	0.38453736073447287	0.37281921292819276	0.4056882460315281	0.2642644748679948	0.2839715272596208	0.26509556221020636
spaGCN_6	0.4146381181272067	0.0	0.9391397294537168	0.47484245203238074	0.5033459859990587	0.4929942826404158	0.32730585114218685	0.3393759514765101	0.33835885485968775	0.5914414866794588	0.5132610124612321	0.45982167284971764	0.4935324797867958	0.46906739228184696	0.4460982345323217	0.46430485065618937	0.5559444397024971	0.5250742691647382	0.5810101074964699	0.5967416326573793	0.49836392419577047	0.5056139601502867	0.5224115932717625	0.5265425324624505	0.4445176470582743	0.27256678647986704	0.26886377540229983	0.30130615066315886	0.27411240469618403	0.35373246129511604	0.3653854772041303	0.5177878509170938	0.47878003138122693	0.3379877565025958	0.3673048833132445	0.5554512858280273	0.42934241556567665	0.3660970005179344	0.4686929823692579
spaGCN_4	0.40512019029586227	0.9391397294537168	0.0	0.47241968138708673	0.5087024327037297	0.49329980700100706	0.32664965218845654	0.3388912947411882	0.33791142063845486	0.5779542782586823	0.5000186749717234	0.45077731107358326	0.4810541198688701	0.4600479599840729	0.4368291254095871	0.453452694943354	0.5456456276955601	0.5117701256401633	0.5692905769711011	0.5827913596380537	0.4901845371624265	0.49704566462549604	0.5093809885960205	0.5127887969649105	0.43933892351326953	0.27090200861462743	0.26729156292402384	0.29915946645172303	0.2731150242154284	0.351949721417872	0.36361854437674207	0.5099511221487989	0.4659164350200792	0.32737406489494936	0.3555524396904642	0.5408183095234347	0.41953381865102335	0.35928610914061243	0.4619670077541078
spaGCN_7	0.2120210726926896	0.47484245203238074	0.47241968138708673	0.0	0.4617749587585039	0.6709571952887963	0.6613977392583172	0.6720902499683773	0.6715128751090572	0.3712651056447035	0.33072634809081364	0.39732379483248276	0.3168608089947707	0.3025527700524021	0.28963012561593837	0.2953043692269264	0.3757440016331595	0.40080894328031663	0.39088115255840217	0.4110580622130531	0.33411646272563417	0.33127907224085484	0.3453022109729126	0.33757051390221393	0.47460432447729606	0.5228785911897735	0.5190384268444056	0.523034407315922	0.5389228603582834	0.6606476248987961	0.674681843210909	0.32433830244360184	0.31734398099386246	0.21181447600752037	0.2337905523141465	0.3650452741815722	0.28308694110501303	0.24869034555780598	0.3116456431815411
spaGCN_14	0.23810189214784616	0.5033459859990587	0.5087024327037297	0.4617749587585039	0.0	0.5033267237311144	0.3466116208205447	0.36132275759342924	0.35946908743717715	0.36506463379869974	0.3289266165550887	0.3800512922106807	0.35147178438917015	0.30548830321338155	0.2920408482150047	0.3083269762130194	0.3684091019519477	0.336703517817356	0.3352670425809954	0.36906852729554473	0.3553007106932364	0.35846090216257925	0.35466330912115024	0.3408110978616459	0.3648526598436931	0.3153782963329362	0.315967266036413	0.32740931263837	0.3152234504800522	0.34317704678015	0.35035735100838594	0.3683859566505177	0.3039821296659054	0.2169930508145665	0.23507942306732904	0.34517538210669124	0.28806676546121057	0.25304952712763146	0.3512038421360411
spaGCN_13	0.23665632282819343	0.4929942826404158	0.49329980700100706	0.6709571952887963	0.5033267237311144	0.0	0.5504928347256727	0.5636914295132095	0.5641618090597121	0.39889399794393	0.37527195564222277	0.3998864945593273	0.34368526703736213	0.32160327156645235	0.29974338048088295	0.3267892829468931	0.39691334624957536	0.37184897506372394	0.3690663438744979	0.4128506766887659	0.33733710491395597	0.33918372140526704	0.34262936006253303	0.33966307390041994	0.4756016296381216	0.45406624020155634	0.45657410986297964	0.449104818689569	0.45406080617186095	0.5228754364893131	0.5356947665649469	0.3407199008146839	0.322294628686767	0.22665344982424263	0.23704036219566516	0.37235353888963046	0.2907773472302725	0.2559354408274276	0.3268838284431147
scanpy_2	0.1973041574460223	0.32730585114218685	0.32664965218845654	0.6613977392583172	0.3466116208205447	0.5504928347256727	0.0	0.9258501822784021	0.9370221976283184	0.27705588886440785	0.2854909835399661	0.3709769886716125	0.26524429208255573	0.23416554656187935	0.2126258731391789	0.25509626944381314	0.34369197536091206	0.3324357610015987	0.3057577028393968	0.3483626449833974	0.26443079357748994	0.24795861000665906	0.23639834553698552	0.2279357972417831	0.4730837931896162	0.6704879817659608	0.6664451185161381	0.6469922890407129	0.6831643267152493	0.8058300394195593	0.8048343457277768	0.25946261504325135	0.23056205488088427	0.1715513346183115	0.1645886927599457	0.24966512436296934	0.2234402802240737	0.19367105657837944	0.24680043893640993
scanpy_3	0.22556538724826256	0.3393759514765101	0.3388912947411882	0.6720902499683773	0.36132275759342924	0.5636914295132095	0.9258501822784021	0.0	0.965363795039313	0.29331130049387755	0.3083972745114737	0.38020639317120525	0.2774557326182118	0.2484764007973671	0.22242301430820496	0.2666110784473693	0.36427325202637323	0.35039251195327875	0.315955493084715	0.36097773354460944	0.2690854355740074	0.26032322035057365	0.24761742863751346	0.23966269506471194	0.4792463528723832	0.6664982770813087	0.6680646960592006	0.6575587549651328	0.6773590482146901	0.8449845654223772	0.8421673136957429	0.2672038662092659	0.24175905058433192	0.18402589172174022	0.17305931356673585	0.2627022631211791	0.2311243787089919	0.20435734057959168	0.2562651895736302
scanpy_1	0.22720171788806773	0.33835885485968775	0.33791142063845486	0.6715128751090572	0.35946908743717715	0.5641618090597121	0.9370221976283184	0.965363795039313	0.0	0.2942719353811853	0.3100258075844394	0.3820524105126885	0.2781534621674397	0.24882788224599603	0.22299845898545212	0.266934868903501	0.36233185159561315	0.3489017549121548	0.3145640789729076	0.35918134665212814	0.26855222498957143	0.2591030945783192	0.24673264000251466	0.23971324316594772	0.4814694006359995	0.6652205397462764	0.6661089741888254	0.6534194255029723	0.6726068440234542	0.8466840073562304	0.8439979222844801	0.26568497593084095	0.24092703942769134	0.184688988374488	0.17309004001785835	0.2619994623583302	0.2295737511738239	0.20386482237721604	0.25516549302779884
bass_5	0.42655305248652653	0.5914414866794588	0.5779542782586823	0.3712651056447035	0.36506463379869974	0.39889399794393	0.27705588886440785	0.29331130049387755	0.2942719353811853	0.0	0.7547960851635959	0.5371273129834724	0.6710459210571403	0.5651256312046794	0.5454812832927096	0.5659265590072957	0.47230517365496916	0.5011496804623713	0.5312096881751642	0.5222264074466924	0.5542421747917219	0.5517381311631815	0.5879398589260296	0.6071651064324087	0.4364215489143427	0.2374608676818094	0.2368340416578717	0.2642961918568681	0.23496256304602384	0.29354233251036205	0.3038815974024325	0.5686051079595119	0.5537559818991432	0.46018994975668603	0.4624102011942333	0.6387869973021058	0.46807981186316944	0.42836636844501896	0.5118628119168692
bass_2	0.4534066526146232	0.5132610124612321	0.5000186749717234	0.33072634809081364	0.3289266165550887	0.37527195564222277	0.2854909835399661	0.3083972745114737	0.3100258075844394	0.7547960851635959	0.0	0.5540064818163374	0.6744374311579535	0.5480595013188755	0.5448793733894094	0.560408949288432	0.45864267264854464	0.46173417255802834	0.49310196415048646	0.4966587260027099	0.5263924150272205	0.5232274376955921	0.5481101893262805	0.5788336562929579	0.4123401944025548	0.23391935053731627	0.23342933227586243	0.2609899458865991	0.23256872450155086	0.30416506773697743	0.31137048859853983	0.545556929050453	0.5583702644507026	0.4778690626708496	0.4197417989993766	0.59038293841471	0.46018488763669707	0.4466065278288499	0.5119653670421608
bass_3	0.2596495556505379	0.45982167284971764	0.45077731107358326	0.39732379483248276	0.3800512922106807	0.3998864945593273	0.3709769886716125	0.38020639317120525	0.3820524105126885	0.5371273129834724	0.5540064818163374	0.0	0.6725786072026188	0.44727581548007056	0.42491595764554685	0.4692605069229599	0.433757370357214	0.40947040971856385	0.428288042771647	0.4317848092921605	0.5036474304855355	0.49204727381681745	0.47183057169029474	0.45429672021772616	0.47050620846856167	0.2898989167195277	0.290232372959337	0.3220502905870047	0.2948863546020625	0.361586056604944	0.37493654644061986	0.5318537191650001	0.454455504067617	0.348992235873869	0.32184301488663414	0.4469409029081072	0.4420119603530797	0.3467969721592765	0.4932478127647467
bass_4	0.3228294716068157	0.4935324797867958	0.4810541198688701	0.3168608089947707	0.35147178438917015	0.34368526703736213	0.26524429208255573	0.2774557326182118	0.2781534621674397	0.6710459210571403	0.6744374311579535	0.6725786072026188	0.0	0.558598343469289	0.5255759493991484	0.5802079081936651	0.47013859782524003	0.47396203269586873	0.4961394241851545	0.4925479034044558	0.6010544825639701	0.6047908365481094	0.6004958643066464	0.593538957907568	0.4631004065769106	0.20149303736324906	0.2006530913817865	0.2272691482607106	0.20283149136207632	0.2641259717899185	0.2732458781983905	0.6428996138253131	0.5819478265694714	0.43331400165767037	0.40395978874625216	0.5778921652592407	0.5390787847457694	0.42248642285933985	0.6008826530704778
CellCharter_2	0.3710547640527909	0.46906739228184696	0.4600479599840729	0.3025527700524021	0.30548830321338155	0.32160327156645235	0.23416554656187935	0.2484764007973671	0.24882788224599603	0.5651256312046794	0.5480595013188755	0.44727581548007056	0.558598343469289	0.0	0.7101799718127851	0.7336718505239879	0.45314059087759423	0.46460839093132417	0.48328420731944355	0.4857342527720468	0.5158837348564413	0.5681599297633756	0.5642106176907064	0.5532908482035972	0.37775821234038964	0.18060973415897777	0.17983944570390356	0.20402742079343839	0.18014229119100636	0.26590115073010934	0.2780854814846014	0.5389229245246857	0.6144536626971766	0.43610310094713445	0.4370969450049521	0.5929679266188647	0.4676347996628464	0.4550700424782783	0.5430853582380827
CellCharter_3	0.3701789134377179	0.4460982345323217	0.4368291254095871	0.28963012561593837	0.2920408482150047	0.29974338048088295	0.2126258731391789	0.22242301430820496	0.22299845898545212	0.5454812832927096	0.5448793733894094	0.42491595764554685	0.5255759493991484	0.7101799718127851	0.0	0.6269910502864904	0.39749596616079985	0.4309084010035383	0.45846045656518536	0.45127883882475556	0.5053001027700553	0.544001768729568	0.5655440581672316	0.5826419269341995	0.34510127839238774	0.16821585377432982	0.16661992756773897	0.18765279371132823	0.16636502439958978	0.24433976779788563	0.25547443393587227	0.519356760891359	0.6087765069059797	0.4880288978855541	0.4514131832467212	0.6039091333105686	0.45225296037515494	0.5021941816107867	0.5082556860713893
CellCharter_1	0.3243974354782038	0.46430485065618937	0.453452694943354	0.2953043692269264	0.3083269762130194	0.3267892829468931	0.25509626944381314	0.2666110784473693	0.266934868903501	0.5659265590072957	0.560408949288432	0.4692605069229599	0.5802079081936651	0.7336718505239879	0.6269910502864904	0.0	0.46153677055625	0.46838525407005177	0.4820492469657469	0.4877686513345848	0.506184407950361	0.5464510149133989	0.5519452106447903	0.5352163230397764	0.40183289674879075	0.19199754216459142	0.19103079466582223	0.21579554692077196	0.1928216990449814	0.27564608783208516	0.2810991816480951	0.5821059306985261	0.5427646707382152	0.42452872084090665	0.3947066369188674	0.562854225809102	0.4998365996860991	0.44185451142026266	0.5748389617740352
SEDR_5	0.3639740807010478	0.5559444397024971	0.5456456276955601	0.3757440016331595	0.3684091019519477	0.39691334624957536	0.34369197536091206	0.36427325202637323	0.36233185159561315	0.47230517365496916	0.45864267264854464	0.433757370357214	0.47013859782524003	0.45314059087759423	0.39749596616079985	0.46153677055625	0.0	0.6588955489949698	0.7260010166084603	0.7985942557064661	0.46729572637324196	0.47873052313739195	0.4824988767428802	0.4574351959250689	0.41950507539429427	0.26699470274957826	0.26675182696121447	0.2979523874686562	0.2720295564356051	0.4005733145137878	0.41652926261712314	0.4927925574551713	0.45590140635933946	0.34703326403934337	0.3622024704134796	0.48123699819347815	0.42641287423990704	0.32791881325534106	0.4493340664501454
SEDR_2	0.33988581399915774	0.5250742691647382	0.5117701256401633	0.40080894328031663	0.336703517817356	0.37184897506372394	0.3324357610015987	0.35039251195327875	0.3489017549121548	0.5011496804623713	0.46173417255802834	0.40947040971856385	0.47396203269586873	0.46460839093132417	0.4309084010035383	0.46838525407005177	0.6588955489949698	0.0	0.7588591633029454	0.7743596793968153	0.5235268906849878	0.5185015839114391	0.5322125110753861	0.5207929949119707	0.39200175302751367	0.244092980125533	0.24399390454881587	0.27471776246831114	0.2508598430701898	0.38375982256284813	0.38621609898188464	0.5087864834058277	0.48414533929184805	0.33614672413317453	0.3908283556430364	0.5340868224045479	0.4418732977586441	0.36623113921718065	0.4746966829780926
SEDR_3	0.38313899443892285	0.5810101074964699	0.5692905769711011	0.39088115255840217	0.3352670425809954	0.3690663438744979	0.3057577028393968	0.315955493084715	0.3145640789729076	0.5312096881751642	0.49310196415048646	0.428288042771647	0.4961394241851545	0.48328420731944355	0.45846045656518536	0.4820492469657469	0.7260010166084603	0.7588591633029454	0.0	0.8606274467367961	0.5313471893886426	0.5255537973891613	0.5570930399734019	0.5579268081184955	0.41083868962579173	0.23553871257380046	0.23550585761574833	0.26416751895209833	0.24065292914793235	0.3451407723034488	0.35993851843000124	0.533413465256715	0.5152312013299557	0.3696782487110408	0.401737568263962	0.5562872501082371	0.4684889010880955	0.37947715197174653	0.49277737680021694
SEDR_6	0.39740608105833286	0.5967416326573793	0.5827913596380537	0.4110580622130531	0.36906852729554473	0.4128506766887659	0.3483626449833974	0.36097773354460944	0.35918134665212814	0.5222264074466924	0.4966587260027099	0.4317848092921605	0.4925479034044558	0.4857342527720468	0.45127883882475556	0.4877686513345848	0.7985942557064661	0.7743596793968153	0.8606274467367961	0.0	0.5098023215169114	0.5220773731932243	0.551156411134666	0.5385572437420811	0.4225802942888849	0.25668655738102003	0.25661893813835795	0.286752443250213	0.261927431632785	0.39264418033341114	0.40851395880458646	0.5177917848253863	0.4994675929373671	0.3626849747157585	0.39632491266324116	0.5515112552278164	0.468749153864616	0.37939693764108173	0.48015461460721864
SEDR_1	0.276764183924532	0.49836392419577047	0.4901845371624265	0.33411646272563417	0.3553007106932364	0.33733710491395597	0.26443079357748994	0.2690854355740074	0.26855222498957143	0.5542421747917219	0.5263924150272205	0.5036474304855355	0.6010544825639701	0.5158837348564413	0.5053001027700553	0.506184407950361	0.46729572637324196	0.5235268906849878	0.5313471893886426	0.5098023215169114	0.0	0.7329705783070204	0.5561147243561962	0.5310016771539853	0.43751178086478437	0.2049432615638695	0.2025421008250474	0.23254609939020648	0.20967708045527	0.26800880828796575	0.2815242258559189	0.6683001914234374	0.5525578708015062	0.34062095732285935	0.3744469519694482	0.5375199290944864	0.5206022517734015	0.42171137493291894	0.616606643743676
SEDR_4	0.29352883774993577	0.5056139601502867	0.49704566462549604	0.33127907224085484	0.35846090216257925	0.33918372140526704	0.24795861000665906	0.26032322035057365	0.2591030945783192	0.5517381311631815	0.5232274376955921	0.49204727381681745	0.6047908365481094	0.5681599297633756	0.544001768729568	0.5464510149133989	0.47873052313739195	0.5185015839114391	0.5255537973891613	0.5220773731932243	0.7329705783070204	0.0	0.5664322971425798	0.5199285981246391	0.4213830754162922	0.20255338793451805	0.20124478964675588	0.2315169547932047	0.20536272617043722	0.26831687052341086	0.28300251278482896	0.6722681080491958	0.5678332399391184	0.3493826246445232	0.3941295079461348	0.5679036055535283	0.5393988541836477	0.4260642248781083	0.6430829743612897
SpaceFlow_1	0.35212443691969403	0.5224115932717625	0.5093809885960205	0.3453022109729126	0.35466330912115024	0.34262936006253303	0.23639834553698552	0.24761742863751346	0.24673264000251466	0.5879398589260296	0.5481101893262805	0.47183057169029474	0.6004958643066464	0.5642106176907064	0.5655440581672316	0.5519452106447903	0.4824988767428802	0.5322125110753861	0.5570930399734019	0.551156411134666	0.5561147243561962	0.5664322971425798	0.0	0.8074935162269744	0.40823258849384103	0.18971229751846164	0.18907799806765663	0.2149913264441737	0.1908457378388423	0.26712186503985746	0.27292099447241547	0.5994260994699961	0.6267365693169813	0.45854412442537595	0.4403974414000201	0.6735376175253064	0.5963009655973811	0.5115452875266122	0.5779738657505495
SpaceFlow_4	0.3968018486760978	0.5265425324624505	0.5127887969649105	0.33757051390221393	0.3408110978616459	0.33966307390041994	0.2279357972417831	0.23966269506471194	0.23971324316594772	0.6071651064324087	0.5788336562929579	0.45429672021772616	0.593538957907568	0.5532908482035972	0.5826419269341995	0.5352163230397764	0.4574351959250689	0.5207929949119707	0.5579268081184955	0.5385572437420811	0.5310016771539853	0.5199285981246391	0.8074935162269744	0.0	0.3745130652332222	0.1844005886150952	0.1834868993807807	0.20903947557048513	0.18447709440657775	0.257736410755314	0.26588243104880216	0.5632867173188212	0.6637549083803047	0.49709631044904945	0.4815454939691567	0.6944148600578706	0.547432165606745	0.507428156630565	0.5337095898815425
DRSC_4	0.21825877164862523	0.4445176470582743	0.43933892351326953	0.47460432447729606	0.3648526598436931	0.4756016296381216	0.4730837931896162	0.4792463528723832	0.4814694006359995	0.4364215489143427	0.4123401944025548	0.47050620846856167	0.4631004065769106	0.37775821234038964	0.34510127839238774	0.40183289674879075	0.41950507539429427	0.39200175302751367	0.41083868962579173	0.4225802942888849	0.43751178086478437	0.4213830754162922	0.40823258849384103	0.3745130652332222	0.0	0.3587432537291875	0.3571322025864281	0.39233134896495464	0.35739919076333704	0.472263003192886	0.4760973598492622	0.44606274009678554	0.38107727748957876	0.25033235348174815	0.25946075809472846	0.38702652599677684	0.35747075753150276	0.3028472869158205	0.40411668805172885
seurat_2	0.2023561136723929	0.27256678647986704	0.27090200861462743	0.5228785911897735	0.3153782963329362	0.45406624020155634	0.6704879817659608	0.6664982770813087	0.6652205397462764	0.2374608676818094	0.23391935053731627	0.2898989167195277	0.20149303736324906	0.18060973415897777	0.16821585377432982	0.19199754216459142	0.26699470274957826	0.244092980125533	0.23553871257380046	0.25668655738102003	0.2049432615638695	0.20255338793451805	0.18971229751846164	0.1844005886150952	0.3587432537291875	0.0	0.9876588878490198	0.905217086256639	0.9075690976099385	0.5962221046062722	0.6078624724015009	0.20033387365842806	0.18075824314965436	0.13345022055148698	0.13280450277582626	0.2090583412774626	0.16562746856492605	0.14428491070623717	0.19413994036805624
seurat_3	0.20177440146856573	0.26886377540229983	0.26729156292402384	0.5190384268444056	0.315967266036413	0.45657410986297964	0.6664451185161381	0.6680646960592006	0.6661089741888254	0.2368340416578717	0.23342933227586243	0.290232372959337	0.2006530913817865	0.17983944570390356	0.16661992756773897	0.19103079466582223	0.26675182696121447	0.24399390454881587	0.23550585761574833	0.25661893813835795	0.2025421008250474	0.20124478964675588	0.18907799806765663	0.1834868993807807	0.3571322025864281	0.9876588878490198	0.0	0.899809620240817	0.9043022454107768	0.5978855875200195	0.6092609283013749	0.19873907418897852	0.1799190814566776	0.1330030028250517	0.13215012241998378	0.20817328951852204	0.1649876393044814	0.1437057310167811	0.1930844290815296
seurat_1	0.22244437676414128	0.30130615066315886	0.29915946645172303	0.523034407315922	0.32740931263837	0.449104818689569	0.6469922890407129	0.6575587549651328	0.6534194255029723	0.2642961918568681	0.2609899458865991	0.3220502905870047	0.2272691482607106	0.20402742079343839	0.18765279371132823	0.21579554692077196	0.2979523874686562	0.27471776246831114	0.26416751895209833	0.286752443250213	0.23254609939020648	0.2315169547932047	0.2149913264441737	0.20903947557048513	0.39233134896495464	0.905217086256639	0.899809620240817	0.0	0.8944270759876041	0.6340280482721238	0.649914520265704	0.22816065925302975	0.20531387429206038	0.149757667724052	0.1516369118396915	0.23347312449416394	0.18681682319483156	0.16187026626942988	0.21800589150409821
seurat_4	0.19768881087210707	0.27411240469618403	0.2731150242154284	0.5389228603582834	0.3152234504800522	0.45406080617186095	0.6831643267152493	0.6773590482146901	0.6726068440234542	0.23496256304602384	0.23256872450155086	0.2948863546020625	0.20283149136207632	0.18014229119100636	0.16636502439958978	0.1928216990449814	0.2720295564356051	0.2508598430701898	0.24065292914793235	0.261927431632785	0.20967708045527	0.20536272617043722	0.1908457378388423	0.18447709440657775	0.35739919076333704	0.9075690976099385	0.9043022454107768	0.8944270759876041	0.0	0.6128750186712574	0.6247917883449798	0.2042571109715693	0.18232879724898088	0.13033020268944778	0.1358057857407859	0.2083424526220758	0.16859446281840787	0.14575666482203578	0.19770477942735878
BANKSY_2	0.25207661005143855	0.35373246129511604	0.351949721417872	0.6606476248987961	0.34317704678015	0.5228754364893131	0.8058300394195593	0.8449845654223772	0.8466840073562304	0.29354233251036205	0.30416506773697743	0.361586056604944	0.2641259717899185	0.26590115073010934	0.24433976779788563	0.27564608783208516	0.4005733145137878	0.38375982256284813	0.3451407723034488	0.39264418033341114	0.26800880828796575	0.26831687052341086	0.26712186503985746	0.257736410755314	0.472263003192886	0.5962221046062722	0.5978855875200195	0.6340280482721238	0.6128750186712574	0.0	0.9535570049111451	0.2686656894208084	0.26118886528835816	0.20236725071665132	0.19370302728174452	0.2813030816964062	0.2402022916188306	0.21733290209446393	0.2526420150283753
BANKSY_4	0.24338286305422646	0.3653854772041303	0.36361854437674207	0.674681843210909	0.35035735100838594	0.5356947665649469	0.8048343457277768	0.8421673136957429	0.8439979222844801	0.3038815974024325	0.31137048859853983	0.37493654644061986	0.2732458781983905	0.2780854814846014	0.25547443393587227	0.2810991816480951	0.41652926261712314	0.38621609898188464	0.35993851843000124	0.40851395880458646	0.2815242258559189	0.28300251278482896	0.27292099447241547	0.26588243104880216	0.4760973598492622	0.6078624724015009	0.6092609283013749	0.649914520265704	0.6247917883449798	0.9535570049111451	0.0	0.2803001549995434	0.2716806233304699	0.2072850910741616	0.19999625827834958	0.29052845646508985	0.2456722385808398	0.22044898104806407	0.26294458660254577
STAGATE_12	0.27725922127285196	0.5177878509170938	0.5099511221487989	0.32433830244360184	0.3683859566505177	0.3407199008146839	0.25946261504325135	0.2672038662092659	0.26568497593084095	0.5686051079595119	0.545556929050453	0.5318537191650001	0.6428996138253131	0.5389229245246857	0.519356760891359	0.5821059306985261	0.4927925574551713	0.5087864834058277	0.533413465256715	0.5177917848253863	0.6683001914234374	0.6722681080491958	0.5994260994699961	0.5632867173188212	0.44606274009678554	0.20033387365842806	0.19873907418897852	0.22816065925302975	0.2042571109715693	0.2686656894208084	0.2803001549995434	0.0	0.5957148100638725	0.39116942953723255	0.3896214213162771	0.5887176245650685	0.5840650295188804	0.4429726588934476	0.7796773606413775
STAGATE_11	0.3702219549912521	0.47878003138122693	0.4659164350200792	0.31734398099386246	0.3039821296659054	0.322294628686767	0.23056205488088427	0.24175905058433192	0.24092703942769134	0.5537559818991432	0.5583702644507026	0.454455504067617	0.5819478265694714	0.6144536626971766	0.6087765069059797	0.5427646707382152	0.45590140635933946	0.48414533929184805	0.5152312013299557	0.4994675929373671	0.5525578708015062	0.5678332399391184	0.6267365693169813	0.6637549083803047	0.38107727748957876	0.18075824314965436	0.1799190814566776	0.20531387429206038	0.18232879724898088	0.26118886528835816	0.2716806233304699	0.5957148100638725	0.0	0.491849230357389	0.5175104292287369	0.720788816945348	0.5404068836190038	0.5061405721961515	0.5667707379834226
STAGATE_2	0.38453736073447287	0.3379877565025958	0.32737406489494936	0.21181447600752037	0.2169930508145665	0.22665344982424263	0.1715513346183115	0.18402589172174022	0.184688988374488	0.46018994975668603	0.4778690626708496	0.348992235873869	0.43331400165767037	0.43610310094713445	0.4880288978855541	0.42452872084090665	0.34703326403934337	0.33614672413317453	0.3696782487110408	0.3626849747157585	0.34062095732285935	0.3493826246445232	0.45854412442537595	0.49709631044904945	0.25033235348174815	0.13345022055148698	0.1330030028250517	0.149757667724052	0.13033020268944778	0.20236725071665132	0.2072850910741616	0.39116942953723255	0.491849230357389	0.0	0.492982544513471	0.4980614439948935	0.4111317810171137	0.4542043345348727	0.3751750209046915
STAGATE_3	0.37281921292819276	0.3673048833132445	0.3555524396904642	0.2337905523141465	0.23507942306732904	0.23704036219566516	0.1645886927599457	0.17305931356673585	0.17309004001785835	0.4624102011942333	0.4197417989993766	0.32184301488663414	0.40395978874625216	0.4370969450049521	0.4514131832467212	0.3947066369188674	0.3622024704134796	0.3908283556430364	0.401737568263962	0.39632491266324116	0.3744469519694482	0.3941295079461348	0.4403974414000201	0.4815454939691567	0.25946075809472846	0.13280450277582626	0.13215012241998378	0.1516369118396915	0.1358057857407859	0.19370302728174452	0.19999625827834958	0.3896214213162771	0.5175104292287369	0.492982544513471	0.0	0.49695951771740476	0.405026653992676	0.42055114161764656	0.3510854967224697
STAGATE_10	0.4056882460315281	0.5554512858280273	0.5408183095234347	0.3650452741815722	0.34517538210669124	0.37235353888963046	0.24966512436296934	0.2627022631211791	0.2619994623583302	0.6387869973021058	0.59038293841471	0.4469409029081072	0.5778921652592407	0.5929679266188647	0.6039091333105686	0.562854225809102	0.48123699819347815	0.5340868224045479	0.5562872501082371	0.5515112552278164	0.5375199290944864	0.5679036055535283	0.6735376175253064	0.6944148600578706	0.38702652599677684	0.2090583412774626	0.20817328951852204	0.23347312449416394	0.2083424526220758	0.2813030816964062	0.29052845646508985	0.5887176245650685	0.720788816945348	0.4980614439948935	0.49695951771740476	0.0	0.5321810908476151	0.49943012457118613	0.582242346799972
STAGATE_1	0.2642644748679948	0.42934241556567665	0.41953381865102335	0.28308694110501303	0.28806676546121057	0.2907773472302725	0.2234402802240737	0.2311243787089919	0.2295737511738239	0.46807981186316944	0.46018488763669707	0.4420119603530797	0.5390787847457694	0.4676347996628464	0.45225296037515494	0.4998365996860991	0.42641287423990704	0.4418732977586441	0.4684889010880955	0.468749153864616	0.5206022517734015	0.5393988541836477	0.5963009655973811	0.547432165606745	0.35747075753150276	0.16562746856492605	0.1649876393044814	0.18681682319483156	0.16859446281840787	0.2402022916188306	0.2456722385808398	0.5840650295188804	0.5404068836190038	0.4111317810171137	0.405026653992676	0.5321810908476151	0.0	0.5331639262107326	0.5563164615399414
STAGATE_4	0.2839715272596208	0.3660970005179344	0.35928610914061243	0.24869034555780598	0.25304952712763146	0.2559354408274276	0.19367105657837944	0.20435734057959168	0.20386482237721604	0.42836636844501896	0.4466065278288499	0.3467969721592765	0.42248642285933985	0.4550700424782783	0.5021941816107867	0.44185451142026266	0.32791881325534106	0.36623113921718065	0.37947715197174653	0.37939693764108173	0.42171137493291894	0.4260642248781083	0.5115452875266122	0.507428156630565	0.3028472869158205	0.14428491070623717	0.1437057310167811	0.16187026626942988	0.14575666482203578	0.21733290209446393	0.22044898104806407	0.4429726588934476	0.5061405721961515	0.4542043345348727	0.42055114161764656	0.49943012457118613	0.5331639262107326	0.0	0.43451053595730965
STAGATE_13	0.26509556221020636	0.4686929823692579	0.4619670077541078	0.3116456431815411	0.3512038421360411	0.3268838284431147	0.24680043893640993	0.2562651895736302	0.25516549302779884	0.5118628119168692	0.5119653670421608	0.4932478127647467	0.6008826530704778	0.5430853582380827	0.5082556860713893	0.5748389617740352	0.4493340664501454	0.4746966829780926	0.49277737680021694	0.48015461460721864	0.616606643743676	0.6430829743612897	0.5779738657505495	0.5337095898815425	0.40411668805172885	0.19413994036805624	0.1930844290815296	0.21800589150409821	0.19770477942735878	0.2526420150283753	0.26294458660254577	0.7796773606413775	0.5667707379834226	0.3751750209046915	0.3510854967224697	0.582242346799972	0.5563164615399414	0.43451053595730965	0.0
