	label	GraphST_default	GraphST_2	GraphST_dlpfc	GraphST_1	SEDR_default	SEDR_2	SEDR_dlpfc	SEDR_1	STAGATE_starmap	STAGATE_default	STAGATE_slide_stereo	STAGATE_1	BayesSpace_default	BayesSpace_melanoma	BayesSpace_1	BayesSpace_scc	bass_starmap	bass_default	bass_dlpfc	bass_1	spaGCN_default	spaGCN_2	spaGCN_3	spaGCN_1	stardust_default	stardust_tutorial	stardust_2	stardust_1	SpaceFlow_default	SpaceFlow_2	SpaceFlow_3	SpaceFlow_1	DRSC_default	DRSC_FindSVGs	DRSC_all_genes	DRSC_FindVariableFeatures	precast_default	precast_dlpfc	precast_1	precast_BC	seurat-louvain_louvain_3	seurat-leiden_leiden_4	seurat-leiden_leiden_1	seurat-louvain_louvain_1	seurat-louvain_louvain_4	seurat-leiden_leiden_2	seurat-louvain_louvain_2	seurat-leiden_leiden_3	CellCharter_default	CellCharter_2	CellCharter_dlpfc	CellCharter_1	BANKSY_starmap	BANKSY_default	BANKSY_github	BANKSY_dlpfc	scanpy-louvain_louvain_3	scanpy-leiden_leiden_4	scanpy-leiden_leiden_1	scanpy-louvain_louvain_1	scanpy-louvain_louvain_4	scanpy-leiden_leiden_2	scanpy-louvain_louvain_2	scanpy-leiden_leiden_3
label	0.0	0.5108805344212133	0.4490680786090462	0.5343929828655579	0.49664755167284397	0.5440160683108232	0.5563396015179872	0.5278490326154652	0.5923954875488804	0.3997531302329409	0.601199309715889	0.28062907277090426	0.4515986902092589	0.2705652888327948	0.4143520550257615	0.41518528546318156	0.2696487521704194	0.535019331599541	0.41198760292843417	0.5215686512042405	0.4882059692267354	0.4598889891007902	0.37116956639598064	0.354703372330208	0.43375468396597067	0.2615030307150145	0.21361573240411597	0.22577408184488795	0.2554078254966049	0.3798186215954141	0.3287484754200162	0.310309546607985	0.34327943781440784	0.47122002381082767	0.33278283900274186	0.2928378949106152	0.42687211305779416	0.3917060913170194	0.4674154564653939	0.4898042103758399	0.3914511121492671	0.335317150329782	0.37505360765499	0.33875457466967585	0.340040852781288	0.40002342638635907	0.37505360765499	0.40002342638635907	0.3939211146578998	0.41626083575383127	0.3657891138850749	0.44732275819221207	0.37941028640730556	0.3759701017795716	0.42444727877155625	0.3894211383895042	0.4233417692086431	0.23335550328194074	0.23798935272825075	0.2011292702665548	0.2608102880190224	0.23862832738832157	0.21834294986637548	0.21927395730680724	0.25005928144427814
GraphST_default	0.5108805344212133	0.0	0.6298228486887782	0.7329601918804695	0.6006212889614183	0.4898685408497119	0.5007466679880686	0.49094112261329936	0.5102539570319038	0.39386496297476065	0.5940058341991273	0.2955493734725375	0.3933471504688566	0.283097193062869	0.42623578413295926	0.42575421153010234	0.2834640341466736	0.5111836489168683	0.46035049429402325	0.4645440660657794	0.5189876874649697	0.4108568654768119	0.3774874158489516	0.354862279194587	0.3883849561455457	0.23845675767932345	0.22297178037360704	0.24631254407655115	0.23012317291533274	0.38226380976749186	0.32958117546556515	0.2958898927650208	0.3627380018688509	0.38779440573065455	0.36441399155367	0.2880494669280883	0.38814648850073913	0.39215978325582335	0.5835119455440079	0.5852358734321359	0.39053889558785126	0.255335692158126	0.3073420004758876	0.25746449682279327	0.2559902807898264	0.33792975553602533	0.3073420004758876	0.33792975553602533	0.3177310364150692	0.4718852121676675	0.4265737142614066	0.4702460596287994	0.44807906754562016	0.3978388998633602	0.4595494050624386	0.4534721419633289	0.531900349524123	0.21444904187455288	0.22723345356522623	0.20050302467552972	0.2217736425531779	0.22084436083594938	0.21504393787514695	0.21037005976409806	0.22823424702565515
GraphST_2	0.4490680786090462	0.6298228486887782	0.0	0.5728226796097119	0.6210877322737709	0.4697593764135862	0.40233547602316244	0.42810593506183925	0.47437807941678556	0.435346798693636	0.4790896508128674	0.33899737754115666	0.45173200209777864	0.2983457009281541	0.44499460355354453	0.44431036844326716	0.29870361450779415	0.44770350522105506	0.41187296217711816	0.42909437356963526	0.47902928771128855	0.3993732353191807	0.4295988402246787	0.4051096481774108	0.3879296145618821	0.26413928718740526	0.24195657763261125	0.2623299553636165	0.27465585836699963	0.41002188954887636	0.36837637081938496	0.34609752394313426	0.38412884238230205	0.40887129923227145	0.36559517288485044	0.2721299947848756	0.3429369101108135	0.34842568860635886	0.5452663030975337	0.5757156805395934	0.3492428798928231	0.28662608887772834	0.32248425415131693	0.29428810190845456	0.2915254832308546	0.3494206899513	0.32248425415131693	0.3494206899513	0.34442460935632074	0.42539675516375464	0.4305961029605821	0.43001994284491274	0.40902551209881627	0.3865581675820655	0.4327983359475711	0.48494445865540625	0.5207767396826544	0.23945765647551154	0.26193036712658624	0.21352474102005328	0.2627019409245142	0.25310030953896745	0.23090591257108514	0.2198104294377799	0.25772208635471505
GraphST_dlpfc	0.5343929828655579	0.7329601918804695	0.5728226796097119	0.0	0.6874072985360784	0.51790121184998	0.5536501505600286	0.5238379375323169	0.5293661715842297	0.42626083225661526	0.6161696476103531	0.2747469472115377	0.41204613614877844	0.2975592814590068	0.44008686806294495	0.4405181694487467	0.2975800417692609	0.5385386949638739	0.5022706070668654	0.5072918589085967	0.5807383176394738	0.4088631303088859	0.40835779943819084	0.38003073106506774	0.3819206291622764	0.25789926940682206	0.2433639682755751	0.2677712064154687	0.25309726202994665	0.41460160329294216	0.3507152065645231	0.31208870401924005	0.3968136612493275	0.38977042378007226	0.38997520040588485	0.3153928812157822	0.4152456068657716	0.4258536605585831	0.6157283155579532	0.6270200895173452	0.42108223961974645	0.2544985679716144	0.30746664416512476	0.2556436612913686	0.25438038116263567	0.3302298381630647	0.30746664416512476	0.3302298381630647	0.31118479459267345	0.5253502711063174	0.46057481046859294	0.5162166875541745	0.4986637147537249	0.4457643675411673	0.5022598185432051	0.4900175388144273	0.5907891046788701	0.20517582512033355	0.22268039613387539	0.19078634224717078	0.22055713676079272	0.21291559042945712	0.20976525209619892	0.20304564986647508	0.22412006970832346
GraphST_1	0.49664755167284397	0.6006212889614183	0.6210877322737709	0.6874072985360784	0.0	0.4595647399417918	0.4456717070960834	0.46264801791656807	0.467576595051751	0.4510540251678881	0.4838842538923344	0.3076859572133832	0.45197004670969704	0.27834454401902636	0.428565231088753	0.4276405842155514	0.27794068927095655	0.4687492857285991	0.44535781739637315	0.41005420920640284	0.48955758886484607	0.3826677768223444	0.4546035727775536	0.4187341857090083	0.3641333917236643	0.2774687137315162	0.28497384334089193	0.30952957972143197	0.2797002827003709	0.41585891139807835	0.40228085368160077	0.40344939476396546	0.4237689539958873	0.3906345714086713	0.34221732231548607	0.25566952796761827	0.3506207675036622	0.3306752317317758	0.5460827308908006	0.5898944030288436	0.32858951702429695	0.2802701137111517	0.3296045801986035	0.28515370575014826	0.28293531640670716	0.3373480041498953	0.3296045801986035	0.3373480041498953	0.33147289358161813	0.4467697086455887	0.4446140500079747	0.4522330371283854	0.4249835809357222	0.42280207093407474	0.47241938857272897	0.5521543848410647	0.5690802729664384	0.2305837956631016	0.25958592096277605	0.20494024434867114	0.26539723441867175	0.25398218793733673	0.2348970977975194	0.23409934800381277	0.26196127644077755
SEDR_default	0.5440160683108232	0.4898685408497119	0.4697593764135862	0.51790121184998	0.4595647399417918	0.0	0.728945396515971	0.7207710406474671	0.8576864543671718	0.4063623745519092	0.7296391927298053	0.2850911536505565	0.40228469081978097	0.328141818520662	0.4754029405126206	0.47525736184227424	0.3288974423647325	0.5312803954570801	0.43381977553819906	0.5442565054893541	0.47318664804674143	0.5124778567148206	0.34765850131712844	0.3317242772641187	0.47147469695785094	0.2294266408440211	0.18338524932467612	0.20257165859338827	0.2523864515132492	0.3509876985898456	0.2884248469501616	0.26535670110117154	0.31410678734216674	0.585089553045993	0.3495987167334823	0.3582956474515248	0.47892339472899276	0.4460350396351592	0.4193157552663897	0.4514552327832788	0.44378725500100025	0.3586476610800509	0.365407613944172	0.3592310126470444	0.35982161317134403	0.3661561040149813	0.365407613944172	0.3661561040149813	0.3742059713103454	0.4135622718854714	0.4253097603449555	0.4019241938317634	0.38871177913147137	0.42666543040096944	0.4654891124093336	0.3672654886100434	0.4542470989322367	0.23078782768209802	0.21866564763678104	0.2068612418958269	0.23616913613489723	0.21064733517529757	0.20644622081801514	0.20644310110708497	0.23263145967430313
SEDR_2	0.5563396015179872	0.5007466679880686	0.40233547602316244	0.5536501505600286	0.4456717070960834	0.728945396515971	0.0	0.7820333512554761	0.7806855464371655	0.4201963652265741	0.7673956632164558	0.2071336809590454	0.34419809650871397	0.3137420488721318	0.4079758535359933	0.40856299936943047	0.31379738405355867	0.6044532020516715	0.5167220532598317	0.5056305771380251	0.4768536167816337	0.5035282235889843	0.3712544522427285	0.3431098381695723	0.4605297441749298	0.268021336118807	0.23096060426517545	0.2333613262545021	0.2817310934358161	0.3236245873037922	0.28369697411936884	0.24281796868627775	0.3048147011647857	0.6154202315338009	0.31226988409948836	0.38453614127047475	0.5418598626115193	0.4859707544053926	0.4028949035858256	0.42448431670010905	0.4794473802420203	0.30286271743416626	0.3689416079740517	0.3042885734406542	0.30385960710461407	0.3344317451471181	0.3689416079740517	0.3344317451471181	0.33573043462619245	0.4161575228923913	0.4129210203733479	0.4052015486214433	0.4027904316883984	0.4387760814038757	0.4668775033198839	0.3455980754000305	0.43463835180317095	0.17745152180488766	0.17481483322203548	0.17240029928188677	0.19922368492198134	0.1608775267564114	0.17251455995934445	0.17052964553480637	0.18067981916423337
SEDR_dlpfc	0.5278490326154652	0.49094112261329936	0.42810593506183925	0.5238379375323169	0.46264801791656807	0.7207710406474671	0.7820333512554761	0.0	0.7739453008172442	0.3955116294547658	0.6864298296849627	0.24106900888310498	0.33095817017435497	0.2898448759394885	0.39544573137159444	0.3954507082024727	0.2894681899552579	0.5982153155034886	0.4794573434889723	0.4725541900454774	0.4482671678908263	0.4783854753298151	0.37628923838582123	0.34708041156725344	0.44201726194722946	0.23450859528189072	0.18524824172561755	0.20104102292585727	0.27140779601985976	0.3014560173152183	0.25684149392781763	0.2327460001830078	0.2727806535483424	0.5625680265987444	0.31118839957645583	0.3334291800975403	0.5196256237414324	0.4735661012781163	0.4328717194617345	0.45498544905275334	0.46861687235858757	0.2898961190211245	0.34272306196438723	0.2901490722978113	0.2907745908267605	0.30653734860706494	0.34272306196438723	0.30653734860706494	0.3080993122298823	0.4560205356774963	0.44230783328128753	0.3647111852865902	0.4204040120862991	0.4004390401208387	0.44721779804363004	0.34638929260042484	0.4424868421577307	0.1866244410199486	0.17120825206656032	0.18851670237112225	0.20547078168201027	0.15957429869449236	0.16982337962737232	0.1703024187792278	0.1814057595702143
SEDR_1	0.5923954875488804	0.5102539570319038	0.47437807941678556	0.5293661715842297	0.467576595051751	0.8576864543671718	0.7806855464371655	0.7739453008172442	0.0	0.42097828745463584	0.7744810319851443	0.27657352635785437	0.4179827545829801	0.3152730249997448	0.4555442333697388	0.455410041416291	0.3151558837610369	0.5647489342667414	0.4508279404198684	0.5499586935920984	0.4843412719065581	0.5228740743597746	0.3601618899138457	0.3413501016578556	0.4848430394438687	0.2478471857268236	0.19839614698634978	0.217073974424973	0.2687249684897489	0.3613838386507106	0.3081845781111417	0.2877693293690974	0.3311360974183139	0.6007393212826153	0.3502271999279375	0.34924829899898324	0.4884205119164207	0.47327029683982286	0.43498801035316703	0.4675473683626391	0.4709814178380974	0.3587114311198571	0.37621614762452976	0.35994690273264257	0.3605898388663519	0.3815190611494734	0.37621614762452976	0.3815190611494734	0.3868976058237745	0.43867641289798376	0.42617129692840133	0.4224084817308335	0.4091006897540053	0.4481450697973158	0.4804616458820596	0.387568691647084	0.45565016270365616	0.23282156709850282	0.22368446079610912	0.20976286016929263	0.2437090897747022	0.2193768331487848	0.21200791226660873	0.20892342976786538	0.23794513910283596
STAGATE_starmap	0.3997531302329409	0.39386496297476065	0.435346798693636	0.42626083225661526	0.4510540251678881	0.4063623745519092	0.4201963652265741	0.3955116294547658	0.42097828745463584	0.0	0.4269772504103209	0.2945335458829319	0.5461341893628987	0.4885640834715336	0.5930043247577576	0.593790142229089	0.48817996138269587	0.4270891309702338	0.44577615582532637	0.376602208058497	0.4948177548883451	0.4743825380534196	0.5529419701299679	0.5087956316272012	0.44100732085102173	0.3878544255747396	0.3684817254089795	0.3775160680204467	0.423382227372743	0.5679168243162294	0.5429267975453878	0.47714962541051587	0.5282423455820556	0.43706519758143153	0.4805701056729972	0.3982159859284286	0.3412509878983312	0.2746008290558304	0.3830443957562317	0.36087624756640435	0.2744059232548895	0.3441081829473876	0.42447441610244563	0.34844471926111986	0.3483288591416184	0.3873071351845873	0.42447441610244563	0.3873071351845873	0.3872795417470475	0.488218543976215	0.48338809123196963	0.4885079112965219	0.45576856148784467	0.505591522138607	0.4726461986001922	0.49907690979548985	0.5675912669975598	0.24075577779966695	0.22808068047639465	0.2306971529864333	0.26425930333222813	0.2544443169672496	0.21151690844254797	0.20579128012841616	0.2391421092076111
STAGATE_default	0.601199309715889	0.5940058341991273	0.4790896508128674	0.6161696476103531	0.4838842538923344	0.7296391927298053	0.7673956632164558	0.6864298296849627	0.7744810319851443	0.4269772504103209	0.0	0.24728406740164618	0.39606968580321555	0.29870048840557417	0.45211237018696276	0.4525637858028733	0.29926462286063177	0.5510611251275674	0.4534527980697682	0.546258434584204	0.489149470674083	0.5098702177955845	0.3433170146019827	0.3291127233418886	0.47286082198691265	0.25126219602559374	0.20880786181473157	0.230590584876716	0.26188666229058427	0.370117846017681	0.3167492234216211	0.27566199541015346	0.34717407866192346	0.593571108903956	0.3392365075045238	0.3262234106866068	0.4861040689881191	0.43922185390206225	0.44364857429661186	0.46548578461860685	0.434724254447346	0.3484440204271488	0.3637897531625331	0.34891477048154806	0.34989749792471286	0.3785170039987032	0.3637897531625331	0.3785170039987032	0.38214110981350796	0.45051499605333756	0.423582271690291	0.4607646138238181	0.443601804956347	0.45472020285334463	0.5070567866422008	0.38786162689722203	0.4734919440305123	0.2270646595205507	0.21930396924439297	0.20495199767503675	0.2263818899094948	0.20878505861600904	0.21050374951858936	0.20677714935603345	0.23431279397248903
STAGATE_slide_stereo	0.28062907277090426	0.2955493734725375	0.33899737754115666	0.2747469472115377	0.3076859572133832	0.2850911536505565	0.2071336809590454	0.24106900888310498	0.27657352635785437	0.2945335458829319	0.24728406740164618	0.0	0.35385238557421234	0.3138295659126806	0.36640247544862836	0.3666079144450296	0.3136769780394122	0.2814970878297487	0.26123442414184467	0.26611964032435753	0.28517993057260643	0.27776213654837756	0.26537483273664686	0.27066698070522355	0.28854488671574374	0.21626022902848466	0.22720537955648373	0.23838855600577755	0.19831965576989063	0.3304754989513064	0.28547543950524246	0.27102004175669664	0.3054879885431725	0.24137501487650728	0.35763810359635284	0.30499763866871216	0.2194400051765018	0.23374920045209413	0.32124657368298876	0.32119200060319536	0.23582946858314438	0.27762552934594376	0.29580193894482115	0.27871740728044414	0.2767159714039073	0.3034787575974618	0.29580193894482115	0.3034787575974618	0.3114759986830921	0.305118177799032	0.3059004515011448	0.30305998750998003	0.3243686459681892	0.2668663014881109	0.2566357648322648	0.3182285615547598	0.3164478678178704	0.2802940532070816	0.2633110960818947	0.25285747622538157	0.28492650248975576	0.2720167897230272	0.230479147506497	0.2602945538420747	0.2825850545840901
STAGATE_1	0.4515986902092589	0.3933471504688566	0.45173200209777864	0.41204613614877844	0.45197004670969704	0.40228469081978097	0.34419809650871397	0.33095817017435497	0.4179827545829801	0.5461341893628987	0.39606968580321555	0.35385238557421234	0.0	0.4857929583717921	0.623572498578609	0.624390993445234	0.4847820019394358	0.3920142636244414	0.37648574172064225	0.43956298185297366	0.45601200621694665	0.41472313955977286	0.4221228126893878	0.39481756103042365	0.3964899223602094	0.3649637220912952	0.3388416050353494	0.34669715501231124	0.33289605102692843	0.5384431134319314	0.5092423628217346	0.4655895450789225	0.5032124697649089	0.4144669835176407	0.5573303575103291	0.4366482257034745	0.37760167214982937	0.31329816570168506	0.44969457814083713	0.442920116020787	0.3160360183558594	0.35523067161143695	0.4115418054735682	0.372020090902027	0.3695364913247017	0.47036644168600295	0.4115418054735682	0.47036644168600295	0.412448514997657	0.4799165766429694	0.4364119062368101	0.5112713713520184	0.5089775849236177	0.43491786768565627	0.397668257626977	0.5374671590091901	0.4704171703303724	0.29949578579100594	0.2805624428855664	0.2725813735002062	0.3221449437029991	0.3079891856630969	0.2672109077944998	0.260310264879518	0.3054959677351324
BayesSpace_default	0.2705652888327948	0.283097193062869	0.2983457009281541	0.2975592814590068	0.27834454401902636	0.328141818520662	0.3137420488721318	0.2898448759394885	0.3152730249997448	0.4885640834715336	0.29870048840557417	0.3138295659126806	0.4857929583717921	0.0	0.5510686466153716	0.5529507352550261	0.9972959582369437	0.3269702577639719	0.35260290973573577	0.30095238263417473	0.34408886300514835	0.30064064575681754	0.35337203180389853	0.3334567702489164	0.2869885176007386	0.4153127814957995	0.4129882706233908	0.4002017938053793	0.39445874388618807	0.483499307091434	0.3928090407790395	0.3352272621283619	0.4102049861445524	0.38841271840712294	0.4751546481002187	0.5717481349992323	0.34935603967135476	0.33824223080986066	0.28146141815734177	0.2813748218192027	0.33817297363016957	0.2839649664082456	0.2590648608200706	0.2908210153020617	0.29025864063654105	0.32733724387279745	0.2590648608200706	0.32733724387279745	0.2597984129224126	0.43194189826988194	0.4143180872627588	0.4434291076140302	0.41146312516456607	0.4237407216952086	0.3648494641072813	0.36338158802021714	0.35665403428301873	0.22608400924532923	0.21170179292499214	0.22587987911984067	0.2062126166954116	0.21214777308133512	0.2414268550796092	0.1851496699767661	0.23690615489895447
BayesSpace_melanoma	0.4143520550257615	0.42623578413295926	0.44499460355354453	0.44008686806294495	0.428565231088753	0.4754029405126206	0.4079758535359933	0.39544573137159444	0.4555442333697388	0.5930043247577576	0.45211237018696276	0.36640247544862836	0.623572498578609	0.5510686466153716	0.0	0.9957194880992971	0.5526312826229618	0.44646801291937016	0.40630731149417154	0.38753674390382276	0.4341805908672874	0.4232602963514504	0.4198996478283693	0.38964844595203485	0.4090153680352666	0.306700870161101	0.3088457723915233	0.31204630785280296	0.29112023964033623	0.5104788647247325	0.43454602069934406	0.39485504196606	0.463915219909214	0.47899083079741367	0.5741132081852838	0.4463828142423283	0.40088066011447715	0.3052837276000399	0.4184648049354584	0.3885236064846107	0.3042493035755498	0.34528485916189405	0.40417528292121196	0.35868747781128746	0.35123448503928967	0.4140101535372438	0.40417528292121196	0.4140101535372438	0.37934590677665064	0.48813918252432464	0.45682352961858913	0.4688330465650456	0.5024504407014735	0.48681551956735697	0.42631894381144997	0.5197635303747726	0.5116825911178745	0.28573833139083726	0.2686839106416086	0.2743622332169965	0.3057239233879514	0.29340983708176566	0.25664566960896357	0.25549833549302825	0.2889390705258094
BayesSpace_1	0.41518528546318156	0.42575421153010234	0.44431036844326716	0.4405181694487467	0.4276405842155514	0.47525736184227424	0.40856299936943047	0.3954507082024727	0.455410041416291	0.593790142229089	0.4525637858028733	0.3666079144450296	0.624390993445234	0.5529507352550261	0.9957194880992971	0.0	0.5545183436969141	0.4467663695940849	0.40659115300622684	0.388795404782078	0.43535317136600693	0.42472518293058903	0.42067273112942954	0.38957729521519857	0.4096331740235356	0.30796873322586354	0.3097355602028855	0.31295306602632805	0.29236235207870587	0.5107131967286229	0.43574526182535606	0.39606618796220416	0.463825898040386	0.4810074717880929	0.573764894121332	0.4474306983558612	0.4015727811523794	0.3056698355896883	0.4180477780979707	0.38839100398293147	0.3046457706953896	0.34383206422698626	0.40246060294884894	0.35721568803793546	0.3497899203439192	0.4148606953751994	0.40246060294884894	0.4148606953751994	0.379850452285742	0.4885731786582833	0.4559620247493914	0.4697806360138545	0.501868394766964	0.4874775307080478	0.4271309088334787	0.5194892557993899	0.5112376992617379	0.28473407734505674	0.2681689792227214	0.2728483118369885	0.30524145118826207	0.2926958830517292	0.25621656487256406	0.25420145638095143	0.28775744689517324
BayesSpace_scc	0.2696487521704194	0.2834640341466736	0.29870361450779415	0.2975800417692609	0.27794068927095655	0.3288974423647325	0.31379738405355867	0.2894681899552579	0.3151558837610369	0.48817996138269587	0.29926462286063177	0.3136769780394122	0.4847820019394358	0.9972959582369437	0.5526312826229618	0.5545183436969141	0.0	0.3269713712892847	0.3523534346433119	0.30082006422604507	0.34411884431134465	0.3005640673723148	0.3525525773103861	0.33309219179322896	0.28693189478425407	0.41460899582377375	0.41224221286302426	0.39959554886824117	0.3937945836941992	0.48377070016388624	0.39226800931749245	0.3343204555519817	0.4103443500250171	0.3883631862494515	0.4759161786660042	0.571707995219439	0.3481420869764411	0.33821237769235046	0.2816422310704514	0.2814451691562249	0.33812887930138796	0.28386723650151746	0.2589804149770781	0.2905181864134802	0.28959752978919495	0.3272782369959556	0.2589804149770781	0.3272782369959556	0.2599293817142503	0.4310098551885566	0.41348215175135383	0.44294764375659634	0.4113001937931546	0.42270397330477705	0.36390413738990507	0.3625534943719991	0.35641738976832116	0.22585745352164546	0.21143984331811894	0.22583557425097053	0.20626280780285153	0.21185892269241002	0.2414327810708877	0.18467976167909955	0.23703104504944636
bass_starmap	0.535019331599541	0.5111836489168683	0.44770350522105506	0.5385386949638739	0.4687492857285991	0.5312803954570801	0.6044532020516715	0.5982153155034886	0.5647489342667414	0.4270891309702338	0.5510611251275674	0.2814970878297487	0.3920142636244414	0.3269702577639719	0.44646801291937016	0.4467663695940849	0.3269713712892847	0.0	0.69083648970866	0.4719719546690548	0.5198152349588233	0.483821171742601	0.48391905178423594	0.4493068441379836	0.4535336991840851	0.28059800177427247	0.25213712393868326	0.2611792945666152	0.2953230176559722	0.3634736923790787	0.28375230295840537	0.2547244999672847	0.30936994247575583	0.5547534184600331	0.42944666260241743	0.4025176772800851	0.44760360824918477	0.5356252766563294	0.5038834824112951	0.49574449054419567	0.5324908993113121	0.24508444443221547	0.29387805793931177	0.24661595377950218	0.24668788324360666	0.30613747707510847	0.29387805793931177	0.30613747707510847	0.29526463730323627	0.49764639195714633	0.4537302163160503	0.38964022360350264	0.4431547888559363	0.41156591246949836	0.45075154120905336	0.4367314562321499	0.5437562695260554	0.1694625787337672	0.1736693266579099	0.16889216979439375	0.19025957624348344	0.16033842730652414	0.16413937284056543	0.16176201586836728	0.184601282697785
bass_default	0.41198760292843417	0.46035049429402325	0.41187296217711816	0.5022706070668654	0.44535781739637315	0.43381977553819906	0.5167220532598317	0.4794573434889723	0.4508279404198684	0.44577615582532637	0.4534527980697682	0.26123442414184467	0.37648574172064225	0.35260290973573577	0.40630731149417154	0.40659115300622684	0.3523534346433119	0.69083648970866	0.0	0.46801851010144646	0.5078120013180732	0.39793132682755566	0.5400177383734432	0.49579467792310294	0.37222764269896147	0.2976189714899848	0.293350629532915	0.3003595164391241	0.30244679467381363	0.37767379380853167	0.3237836506862693	0.28992278051379683	0.3265662195889845	0.44211481593333857	0.42701792163373176	0.4729770762285944	0.3695670432306562	0.5274358511017652	0.478111379779912	0.4785231076790722	0.5239026328490909	0.23955744512629687	0.2861861331313577	0.24078298469339876	0.24175380229542798	0.2708072827648521	0.2861861331313577	0.2708072827648521	0.2744846242669414	0.4696369514256385	0.4511450522156596	0.3827699312855184	0.4240938587157729	0.44636062618928246	0.5206494309481126	0.4092632250660379	0.5752032510604925	0.16787183308956322	0.17067003413019222	0.1608601474497599	0.18726330357178225	0.16624016097313948	0.15787899183228493	0.15607619308217818	0.18000129156858788
bass_dlpfc	0.5215686512042405	0.4645440660657794	0.42909437356963526	0.5072918589085967	0.41005420920640284	0.5442565054893541	0.5056305771380251	0.4725541900454774	0.5499586935920984	0.376602208058497	0.546258434584204	0.26611964032435753	0.43956298185297366	0.30095238263417473	0.38753674390382276	0.388795404782078	0.30082006422604507	0.4719719546690548	0.46801851010144646	0.0	0.7376122754278993	0.5006464154461588	0.3387193726418481	0.3265521550527971	0.47074156659728605	0.2827915746528389	0.21818823457038045	0.2566149990352712	0.30909572576939326	0.38284494607082514	0.3062992361805054	0.27870232271877093	0.33193198165433496	0.43862218978838396	0.4760948976801585	0.41255503809676125	0.39714940801975773	0.5815183496483642	0.5678893577708947	0.5847479574286824	0.5843890683513978	0.3681892399468372	0.3862580926412355	0.3703886540989197	0.37245755208308584	0.41480859257889746	0.3862580926412355	0.41480859257889746	0.39770459575241773	0.3956053110504101	0.44188929220287543	0.4385596092922766	0.4026396440776262	0.3436131470120232	0.38453030823594275	0.36035731625234735	0.38797654503704854	0.24275236749616308	0.21547849403922886	0.2282826523300137	0.24337029833033846	0.20341301228986475	0.22350890121354205	0.20670299537442863	0.2458413596900141
bass_1	0.4882059692267354	0.5189876874649697	0.47902928771128855	0.5807383176394738	0.48955758886484607	0.47318664804674143	0.4768536167816337	0.4482671678908263	0.4843412719065581	0.4948177548883451	0.489149470674083	0.28517993057260643	0.45601200621694665	0.34408886300514835	0.4341805908672874	0.43535317136600693	0.34411884431134465	0.5198152349588233	0.5078120013180732	0.7376122754278993	0.0	0.49010313805257916	0.433083015458173	0.4152873624044961	0.4564105189757875	0.29227503340936867	0.273029166859706	0.31402725464553816	0.33556405853705146	0.4204381932371382	0.3381675795831463	0.31201507299767517	0.3594861677869182	0.4079115029398755	0.5028548253339721	0.4400780835432384	0.3793162994353872	0.5423550780375462	0.6085513465813699	0.6102480840314126	0.5453019455405426	0.28452656578704855	0.33924989653393367	0.285632905073944	0.28688538641368555	0.3484197229090691	0.33924989653393367	0.3484197229090691	0.323489500285175	0.42609419129261134	0.4872756185510675	0.47792570760575565	0.4269388713461301	0.38851587380523916	0.40718345010815093	0.4268380776510435	0.4574145505056447	0.2071876969458979	0.20604449383314993	0.20579910021819486	0.22927283582625205	0.198579539624918	0.20049272192806836	0.18621752815990494	0.2190677941654909
spaGCN_default	0.4598889891007902	0.4108568654768119	0.3993732353191807	0.4088631303088859	0.3826677768223444	0.5124778567148206	0.5035282235889843	0.4783854753298151	0.5228740743597746	0.4743825380534196	0.5098702177955845	0.27776213654837756	0.41472313955977286	0.30064064575681754	0.4232602963514504	0.42472518293058903	0.3005640673723148	0.483821171742601	0.39793132682755566	0.5006464154461588	0.49010313805257916	0.0	0.40839238868655453	0.39030613568444755	0.8611152649086535	0.29137483302167044	0.23659097694764417	0.2592720371068884	0.3130825852060581	0.3711822853872375	0.30191091354479016	0.27299376829181	0.3308500182551695	0.5082986373185455	0.38025136758562456	0.29121590371932227	0.3805366471700496	0.34513348004929884	0.3785307498268172	0.3772072456884299	0.34935849939302394	0.33230689588070994	0.39211232593520406	0.3361873066514647	0.3356540951892753	0.3798868585604848	0.39211232593520406	0.3798868585604848	0.3969652915824928	0.3740340124929739	0.4055730729758495	0.3688271615242275	0.3464785215987137	0.3595547882967345	0.3631848860517898	0.37900110607349197	0.38854212021395795	0.21707442416500278	0.19263134408313684	0.2094771123854128	0.2202471715673733	0.18702985586012624	0.18687168121996442	0.17936782342490953	0.20854202890731327
spaGCN_2	0.37116956639598064	0.3774874158489516	0.4295988402246787	0.40835779943819084	0.4546035727775536	0.34765850131712844	0.3712544522427285	0.37628923838582123	0.3601618899138457	0.5529419701299679	0.3433170146019827	0.26537483273664686	0.4221228126893878	0.35337203180389853	0.4198996478283693	0.42067273112942954	0.3525525773103861	0.48391905178423594	0.5400177383734432	0.3387193726418481	0.433083015458173	0.40839238868655453	0.0	0.8550240423459037	0.3962485701010829	0.4385689071444885	0.3615202848123005	0.3517405634529136	0.47130192728814213	0.4182968565577448	0.3908440263517571	0.3565465950932817	0.3553726352025342	0.3938858312696296	0.37032498102958267	0.34237856733067906	0.35021571706823457	0.34311981085589394	0.3715662706571283	0.3708877406168941	0.34291113750928603	0.3029763601781647	0.3647941698260398	0.31081741635628873	0.30988230774123227	0.32589941969038494	0.3647941698260398	0.32589941969038494	0.3576201318639538	0.4543939059649232	0.3819203691692941	0.36444132653525757	0.3833418386577416	0.4109441056144203	0.463407624809201	0.442490311911887	0.5101096233606434	0.1828585290372985	0.1690512666891141	0.1724517982871281	0.20463130744738803	0.16791429843521904	0.16026975452412898	0.15072984387106733	0.19069065028227758
spaGCN_3	0.354703372330208	0.354862279194587	0.4051096481774108	0.38003073106506774	0.4187341857090083	0.3317242772641187	0.3431098381695723	0.34708041156725344	0.3413501016578556	0.5087956316272012	0.3291127233418886	0.27066698070522355	0.39481756103042365	0.3334567702489164	0.38964844595203485	0.38957729521519857	0.33309219179322896	0.4493068441379836	0.49579467792310294	0.3265521550527971	0.4152873624044961	0.39030613568444755	0.8550240423459037	0.0	0.3854092286522384	0.4146582199506623	0.33845442626085614	0.3255369820030376	0.43473662304100036	0.3913217867982594	0.3653512011225098	0.32917066728117966	0.3377388469874079	0.3679956312286658	0.3448570928865376	0.3231379620618127	0.3242186011140863	0.3303051496351923	0.3563408988100859	0.35492948973739347	0.33125905299262604	0.29527399850192637	0.3569680270755128	0.30063287631739427	0.29994075053255737	0.3122877793099954	0.3569680270755128	0.3122877793099954	0.358074867333538	0.4165354527339084	0.34773496298267037	0.3404708611707043	0.3487916163985187	0.37713147458622986	0.42519202220514846	0.3983935582531966	0.46353999903546905	0.17596127060045888	0.1659945223274947	0.16596180548428846	0.1957012094117656	0.1606276292562244	0.15733893490010498	0.1477388941859538	0.1888893289503369
spaGCN_1	0.43375468396597067	0.3883849561455457	0.3879296145618821	0.3819206291622764	0.3641333917236643	0.47147469695785094	0.4605297441749298	0.44201726194722946	0.4848430394438687	0.44100732085102173	0.47286082198691265	0.28854488671574374	0.3964899223602094	0.2869885176007386	0.4090153680352666	0.4096331740235356	0.28693189478425407	0.4535336991840851	0.37222764269896147	0.47074156659728605	0.4564105189757875	0.8611152649086535	0.3962485701010829	0.3854092286522384	0.0	0.28919984446870745	0.22746524621076608	0.24861337212172097	0.3049931204536446	0.35309316109033223	0.2911374141214524	0.2657590294102069	0.31689598538304387	0.4898000002229006	0.3632128460035594	0.27424986018812114	0.3672149025120958	0.3227076601810326	0.36040372328450543	0.3568336383828581	0.32840729016824516	0.33505746174570966	0.3932443998160076	0.33895043396892055	0.3384546115247301	0.3788500741051133	0.3932443998160076	0.3788500741051133	0.40131798805044394	0.35440684731460703	0.37502768199046616	0.3468883795729125	0.32787389650363835	0.3371521681791702	0.33670803110842235	0.3551135372124937	0.3642928219538558	0.21944445631590775	0.19373522506600757	0.213080855090678	0.22218261085932067	0.18777263860823198	0.18665492223796343	0.18272827157736912	0.21071073232422816
stardust_default	0.2615030307150145	0.23845675767932345	0.26413928718740526	0.25789926940682206	0.2774687137315162	0.2294266408440211	0.268021336118807	0.23450859528189072	0.2478471857268236	0.3878544255747396	0.25126219602559374	0.21626022902848466	0.3649637220912952	0.4153127814957995	0.306700870161101	0.30796873322586354	0.41460899582377375	0.28059800177427247	0.2976189714899848	0.2827915746528389	0.29227503340936867	0.29137483302167044	0.4385689071444885	0.4146582199506623	0.28919984446870745	0.0	0.48189588189394184	0.4692991979589593	0.7691286503871664	0.41965762634237297	0.4711389277465312	0.4109124219310766	0.4054247484561246	0.284705858675172	0.31669327609284165	0.3565298453916033	0.2718020916810358	0.28868707380075825	0.23012978769779305	0.24192729716423222	0.2895856618541197	0.3982881270201565	0.41596771916502306	0.4074066855056359	0.4057837918057474	0.41761464949397575	0.41596771916502306	0.41761464949397575	0.3908659035779414	0.38751332676431965	0.29679790661479755	0.33421455352471735	0.3510428311731013	0.3737390482514382	0.3412090515981122	0.32755017368443495	0.3453316826800288	0.23668128681445405	0.1916053906416394	0.21219180419973832	0.23658196322300368	0.205901986223998	0.22827514534213464	0.183437708128068	0.22999543046994322
stardust_tutorial	0.21361573240411597	0.22297178037360704	0.24195657763261125	0.2433639682755751	0.28497384334089193	0.18338524932467612	0.23096060426517545	0.18524824172561755	0.19839614698634978	0.3684817254089795	0.20880786181473157	0.22720537955648373	0.3388416050353494	0.4129882706233908	0.3088457723915233	0.3097355602028855	0.41224221286302426	0.25213712393868326	0.293350629532915	0.21818823457038045	0.273029166859706	0.23659097694764417	0.3615202848123005	0.33845442626085614	0.22746524621076608	0.48189588189394184	0.0	0.8718939472232679	0.4579128366906313	0.3821444558456289	0.43227648519021394	0.3958446184221773	0.39125791752908023	0.23748979553764293	0.3044811032812384	0.36275241591994023	0.21900327319213772	0.23235771858167228	0.22132812187816897	0.23863562478774758	0.2338294320622999	0.27201824329402924	0.28128159211155823	0.27688750886598196	0.2774461246641034	0.27502001576481944	0.28128159211155823	0.27502001576481944	0.2705669547079369	0.31791544521089166	0.29291842008094365	0.30675886503191163	0.3333761157836614	0.4419964520592808	0.3934400850496494	0.3215935641570997	0.34370978857174467	0.24175268337324687	0.20847432201289895	0.23679085250551696	0.23682587190759008	0.2162656091986391	0.23977790784232886	0.21503996892646446	0.2584997318773129
stardust_2	0.22577408184488795	0.24631254407655115	0.2623299553636165	0.2677712064154687	0.30952957972143197	0.20257165859338827	0.2333613262545021	0.20104102292585727	0.217073974424973	0.3775160680204467	0.230590584876716	0.23838855600577755	0.34669715501231124	0.4002017938053793	0.31204630785280296	0.31295306602632805	0.39959554886824117	0.2611792945666152	0.3003595164391241	0.2566149990352712	0.31402725464553816	0.2592720371068884	0.3517405634529136	0.3255369820030376	0.24861337212172097	0.4692991979589593	0.8718939472232679	0.0	0.48377166312802894	0.38644159545541545	0.4460379325992387	0.414855103715223	0.3916604137466427	0.23984667701535245	0.31719703661604476	0.3429189716195939	0.21229770550191254	0.23939983917369226	0.24960557058351818	0.25836759371835216	0.2413427792068116	0.2948276716919221	0.2952944228995924	0.29874545772469135	0.29972026626023934	0.286984075964043	0.2952944228995924	0.286984075964043	0.282658694790035	0.3417127178081178	0.2896518026166869	0.3108924185718994	0.33242502434336746	0.45935880777191224	0.4054942119311742	0.34501229876205963	0.3714206434772563	0.2634884698341116	0.2212790152793771	0.2581344275875375	0.24860062339617037	0.22760966334877247	0.248315860050096	0.22172494335434592	0.2693763579095108
stardust_1	0.2554078254966049	0.23012317291533274	0.27465585836699963	0.25309726202994665	0.2797002827003709	0.2523864515132492	0.2817310934358161	0.27140779601985976	0.2687249684897489	0.423382227372743	0.26188666229058427	0.19831965576989063	0.33289605102692843	0.39445874388618807	0.29112023964033623	0.29236235207870587	0.3937945836941992	0.2953230176559722	0.30244679467381363	0.30909572576939326	0.33556405853705146	0.3130825852060581	0.47130192728814213	0.43473662304100036	0.3049931204536446	0.7691286503871664	0.4579128366906313	0.48377166312802894	0.0	0.3838879279740797	0.4099139746121991	0.3822395894960767	0.3294853896792187	0.2917241605278247	0.3016962250911482	0.33358606320233275	0.2664621909872621	0.3092951453286888	0.23954498405944502	0.24552986425336554	0.3089693085241258	0.3453421424566329	0.3408731639074803	0.3540752698797455	0.3571683972582203	0.33298825575079705	0.3408731639074803	0.33298825575079705	0.32511467889569096	0.38862225808416145	0.32257746686527455	0.3452106582889746	0.3519564478849615	0.3967900683237526	0.3591371689521789	0.34091627555177983	0.35796031021859237	0.21025669957057025	0.16542358186674788	0.1994441669833325	0.2069552320567487	0.1649076445563021	0.19383155623432158	0.14531284582282727	0.21519565425890355
SpaceFlow_default	0.3798186215954141	0.38226380976749186	0.41002188954887636	0.41460160329294216	0.41585891139807835	0.3509876985898456	0.3236245873037922	0.3014560173152183	0.3613838386507106	0.5679168243162294	0.370117846017681	0.3304754989513064	0.5384431134319314	0.483499307091434	0.5104788647247325	0.5107131967286229	0.48377070016388624	0.3634736923790787	0.37767379380853167	0.38284494607082514	0.4204381932371382	0.3711822853872375	0.4182968565577448	0.3913217867982594	0.35309316109033223	0.41965762634237297	0.3821444558456289	0.38644159545541545	0.3838879279740797	0.0	0.6440130492936429	0.5707864213261812	0.7844574312156221	0.28080445667187	0.4715066143087466	0.4134896702550707	0.30273294380471477	0.30966350101562967	0.3944206890384066	0.39827578130149877	0.31067791848302817	0.42298030255104296	0.4193021387365485	0.4283633364170164	0.4255017494195635	0.38792195368299504	0.4193021387365485	0.38792195368299504	0.40478019729645404	0.5103802263289499	0.4560859698433906	0.5220991217278677	0.5421580640892728	0.39332549950803375	0.3951442944824637	0.4104465753226797	0.46029429716166886	0.3267256113816234	0.31155315479347184	0.3098960196347191	0.3232598204983568	0.3283990265948626	0.29988124575393355	0.27674940828129546	0.33812922269457113
SpaceFlow_2	0.3287484754200162	0.32958117546556515	0.36837637081938496	0.3507152065645231	0.40228085368160077	0.2884248469501616	0.28369697411936884	0.25684149392781763	0.3081845781111417	0.5429267975453878	0.3167492234216211	0.28547543950524246	0.5092423628217346	0.3928090407790395	0.43454602069934406	0.43574526182535606	0.39226800931749245	0.28375230295840537	0.3237836506862693	0.3062992361805054	0.3381675795831463	0.30191091354479016	0.3908440263517571	0.3653512011225098	0.2911374141214524	0.4711389277465312	0.43227648519021394	0.4460379325992387	0.4099139746121991	0.6440130492936429	0.0	0.8033238255622931	0.675600347931137	0.271565600436761	0.395970068747347	0.354750737696465	0.2646592061070467	0.23357698015140455	0.33136118242205165	0.3494175857303868	0.2349740591838815	0.40289762521223094	0.4262709767522996	0.41260601870599584	0.40900053155679067	0.41459446349731405	0.4262709767522996	0.41459446349731405	0.4071223172027795	0.4516863321904583	0.36098120015676466	0.44425670566458375	0.4699324290138255	0.4222885583035061	0.4140829685572696	0.4057100686784589	0.45246128985980366	0.3208623754616511	0.3064664112526775	0.284739521232364	0.3402771360900848	0.343394878288971	0.29856794602698516	0.2867577692249607	0.31921802943279864
