	label	spaGCN_9	spaGCN_6	spaGCN_10	spaGCN_1	spaGCN_4	spaGCN_7	spaGCN_14	spaGCN_13	stardust_2	stardust_3	stardust_1	stardust_4	scanpy_2	scanpy_3	scanpy_1	bass_5	bass_2	bass_3	bass_1	bass_4	BayesSpace_1	CellCharter_2	CellCharter_3	CellCharter_1	GraphST_5	GraphST_8	GraphST_9	GraphST_2	GraphST_3	GraphST_6	GraphST_1	GraphST_4	GraphST_7	SEDR_5	SEDR_2	SEDR_3	SEDR_6	SEDR_1	SEDR_4	SpaceFlow_2	SpaceFlow_3	SpaceFlow_1	SpaceFlow_4	DRSC_2	DRSC_3	DRSC_1	DRSC_4	seurat_1	seurat_4	BANKSY_2	BANKSY_4	STAGATE_12	STAGATE_11	STAGATE_2	STAGATE_3	STAGATE_10	STAGATE_1	STAGATE_4	STAGATE_13
label	0.0	0.4538057269359933	0.3345936076058766	0.4549062337511765	0.40402490960803805	0.3526167838130664	0.38310658818728566	0.4404188167567235	0.43878959957696745	0.07894132442800705	0.14746193492772372	0.21928961784322915	0.07387836591893122	0.3716960642745246	0.37119364589789766	0.3709371341164089	0.33606451097892853	0.41530409453025247	0.33917941031405374	0.3386492170235156	0.37094976590012635	0.13799752590182884	0.2666338656695997	0.32812750338502744	0.29194515631546936	0.1827284755271887	0.3107677466935294	0.33360702732109737	0.6672903080212857	0.3848313832238721	0.026198365053115222	0.6674387629174631	0.12836159547170362	0.12278229085612445	0.3263251475437563	0.18556644426652524	0.16774799870499563	0.18249866222565536	0.2864185835204065	0.24854393018521476	0.20832582739556557	0.22326569930243806	0.22225777820065393	0.2179920595122145	0.4091803350913931	0.528259930582648	0.47238410699143996	0.5796431382546798	0.39347004902357774	0.4111654090959735	0.2089640319569308	0.21019803061986989	0.178794930286107	0.36128030165386193	0.33993187974210093	0.5235103919729845	0.2753333598686072	0.5299414676624129	0.3289933355348882	0.17077886332821773
spaGCN_9	0.4538057269359933	0.0	0.2825679653399249	0.7481394051431869	0.38918047292564084	0.28749775025081353	0.37455317418009837	0.6600204311426118	0.8306353920554042	0.07489826153254633	0.157650478900277	0.2662107863561233	0.06929195546949059	0.35523179994281207	0.36186398325816677	0.36678449308502253	0.2828994941664726	0.3569035179368642	0.2915109687336274	0.2739724046230336	0.21661030822605845	0.17151304064691564	0.2147364122806385	0.2525572316673327	0.20614350633602163	0.1586525755680933	0.2701163214899033	0.2852097409305179	0.4529130249435117	0.23711830568771447	-0.0011154597726225058	0.46307150139506664	0.12245919387323818	0.07125773019293745	0.26304273535618816	0.13432161442360716	0.15217742711640544	0.1515436360687873	0.22611733441726872	0.21904535805386444	0.1992553985555511	0.1561390502903895	0.20779429501936525	0.18657985324930157	0.39191480885138746	0.41174804926521086	0.35393725842038587	0.5064736064235135	0.2705191502433759	0.3339896384359531	0.17558643791383632	0.1709151398433262	0.14314939468771637	0.33593393717888004	0.25181652023657675	0.4148509114027296	0.20914179958600235	0.49998670895113656	0.2596006624288373	0.16621762578659538
spaGCN_6	0.3345936076058766	0.2825679653399249	0.0	0.32425393424932714	0.5399684113959237	0.9308514944980192	0.6313869891465497	0.36195203639467366	0.3100152910312042	0.18390356902986665	0.16485442527372435	0.235911879034169	0.17263754602496248	0.17842801918399942	0.17689936253256683	0.1787421709053265	0.350815423363073	0.28006114275151833	0.2819076118870149	0.23346663974714882	0.3226763947841352	0.09304408896592713	0.29787428756877904	0.36499779292903983	0.3821704880816618	0.17676352891668107	0.2946100193469322	0.3095093880106722	0.3640739886440715	0.24480140495980418	0.049764741835904416	0.3579101335302656	0.1207084341487799	0.1370020835696326	0.3556343381770948	0.24878630223101647	0.2628417873112647	0.2511517051231097	0.3437427749477099	0.38884245211965573	0.1720950735009944	0.17634946802525978	0.17521739668270017	0.16958001232487122	0.29142236904448715	0.31478486870387884	0.31288258923407114	0.30309537517659146	0.2485728707190846	0.25286476935430113	0.2725724754123425	0.26049592302681557	0.24417522922252927	0.28574042136456296	0.2744929240034315	0.31888631521456934	0.22656040879233036	0.28461560701150496	0.24538236224119725	0.2496788574119785
spaGCN_10	0.4549062337511765	0.7481394051431869	0.32425393424932714	0.0	0.39131110445957723	0.3319612062029209	0.3850593790324244	0.8499509983998291	0.6959226541351107	0.08296199116968712	0.15554382884919085	0.24206429666692703	0.07386960859693233	0.32040046152838214	0.33378665884395314	0.3320369982142066	0.2932636513542849	0.35312088658247787	0.2908419534720062	0.2708985225882412	0.2237215637882409	0.167365690402496	0.23024733860078353	0.27086919209198057	0.22157484248019269	0.17522595628651405	0.2911253970394402	0.31401476262259054	0.4530881112556183	0.2445772069111395	-0.0008568784752130892	0.4619561159587238	0.13648249546056004	0.08647491723604984	0.2830330195693746	0.13962400705106587	0.1634836427711945	0.16868030689754443	0.24954047474474617	0.25231160329443886	0.2078504882612354	0.16150940484112855	0.21905125422364097	0.19577621177802715	0.37675642153198613	0.42327713066969913	0.37786759745838433	0.5101285541814935	0.27045178099885525	0.3261546804483543	0.18704192477007167	0.18936350144956182	0.15122759230039096	0.34847465127536215	0.26446701864567423	0.38849794838180585	0.21420156096701184	0.4926676513161483	0.272969267801712	0.19379871082208042
spaGCN_1	0.40402490960803805	0.38918047292564084	0.5399684113959237	0.39131110445957723	0.0	0.5708400807295834	0.8336101106866884	0.36936053330396873	0.3630784682591933	0.1527055396996851	0.18121816834421167	0.3011510652730075	0.1484956987628434	0.2812175410138504	0.28455033235494864	0.2799056621510203	0.34891310498377637	0.2903809515614825	0.2827659043767313	0.23519883217893545	0.22784186895681785	0.09962007516497896	0.3054601270268002	0.32384061778289625	0.3897872571141597	0.1448877320475934	0.23302123167502628	0.23937113005123883	0.40947051003418405	0.24814435014988698	0.047235406310063094	0.415076797485369	0.09595193004986172	0.09512587531058302	0.29064940326685273	0.21296040370639885	0.21527981260940127	0.17886980063941738	0.30062460131224583	0.30495489467527576	0.15207189300327464	0.12834292682534104	0.15916467963315928	0.1348917851590008	0.30418588308549493	0.29784366251747774	0.2716176543897511	0.41875904527286056	0.301590709417889	0.33516492766912054	0.21635682525214614	0.21984732131977455	0.17735197977080852	0.22283097912214286	0.2536734197722018	0.40542616331046893	0.1774318891808801	0.3741708955003424	0.21259358775913337	0.2011742812941754
spaGCN_4	0.3526167838130664	0.28749775025081353	0.9308514944980192	0.3319612062029209	0.5708400807295834	0.0	0.6313796317354321	0.35590784914516177	0.30561264702663726	0.18372049178243416	0.16487184992971146	0.23350990198585123	0.17170321328661803	0.18553607654214702	0.1820170994903757	0.18598729627882585	0.3342467701427372	0.2725026220263047	0.2769592389917923	0.22820702837811424	0.3060777079264598	0.09787398330458544	0.29614970820682174	0.35477179268936393	0.38272752800681803	0.17481649920689804	0.27931908369474984	0.29493691226032154	0.3757332077816795	0.2556756421039782	0.05055794925427965	0.36833778901054437	0.11746000356504249	0.1304574700240572	0.33906757062057097	0.24243309431317656	0.25460758361093966	0.24078376984473499	0.3305516818827193	0.3752876795540918	0.165347367776265	0.16923039644831162	0.16726439036125837	0.1617870394699695	0.2823146030910951	0.3139089572946364	0.300945392535467	0.3108481473886644	0.256064652483829	0.25724096846307976	0.2598693624291617	0.2525856374015844	0.23285036394844455	0.2721805923189207	0.2710581389603107	0.3286273388231129	0.21795009365572438	0.28803741735239136	0.23280126592307465	0.23709338631208926
spaGCN_7	0.38310658818728566	0.37455317418009837	0.6313869891465497	0.3850593790324244	0.8336101106866884	0.6313796317354321	0.0	0.4093300612444451	0.3857964711158293	0.16999329494209103	0.1857469724381745	0.30751345763100413	0.16234612747702248	0.2563570108895736	0.26192191518336944	0.25675088924746403	0.4174569165764573	0.3155633378569355	0.32006961735689016	0.25858989056892967	0.2638876031427874	0.1049093613489591	0.32754505521435434	0.3576993674855436	0.42768688187148957	0.17808856620223604	0.27375995239174866	0.28190720063157104	0.40258464937531735	0.25219112961405243	0.046921690726588514	0.4110797231447169	0.1301032618454737	0.11227913715329685	0.3481836309503879	0.23949872533632127	0.24126305472115356	0.20749341549305908	0.3555507593450828	0.3665350072184865	0.17384520445966306	0.1464933491642871	0.18006183183227967	0.15717336163941603	0.33664703632104714	0.32909716174570347	0.31099256356842647	0.41590002040269003	0.29042438201344933	0.31697923895173746	0.25021444755782707	0.24965202515330148	0.20610798940295125	0.2738537189611893	0.27464512544033887	0.4022910523891606	0.20802959549258115	0.37210701850857997	0.23280548782889474	0.23770462855258445
spaGCN_14	0.4404188167567235	0.6600204311426118	0.36195203639467366	0.8499509983998291	0.36936053330396873	0.35590784914516177	0.4093300612444451	0.0	0.7571028692264072	0.08285609373710269	0.15132504541544148	0.23146268373902915	0.07195877509936623	0.3050054025209145	0.31893160622747224	0.30964082944020005	0.3348547717983006	0.39815040350831193	0.32404834930929527	0.3018822414190432	0.2454248112217644	0.1633551449398602	0.22515141391065824	0.271608508855786	0.2238206888570298	0.20999176271092068	0.3267412889841149	0.35228233495853145	0.4491296393881746	0.25358608250266407	-0.004589834669872968	0.4619338186544292	0.16205599161364367	0.09061100783766743	0.32309322941418	0.1512491533438563	0.1738277280403778	0.18872528173579264	0.27814255391194614	0.27463021680892724	0.2188356877881504	0.17465620843035726	0.2408407678585457	0.21366792827077463	0.4002553685265636	0.4594987511192051	0.4226981449798902	0.5142022984395497	0.2515902383212957	0.3070716083809238	0.2095214425819663	0.2104441331429274	0.16507197853564737	0.40271134180165274	0.28356700135306756	0.38358462744841626	0.2514681224184091	0.49295945358633914	0.3150749710240448	0.21983981868855215
spaGCN_13	0.43878959957696745	0.8306353920554042	0.3100152910312042	0.6959226541351107	0.3630784682591933	0.30561264702663726	0.3857964711158293	0.7571028692264072	0.0	0.07567503073085961	0.1540184239659667	0.25145617107534457	0.06911106983421074	0.3388425726230977	0.3479307097819736	0.34529573450530576	0.32079203220684316	0.40120337869614026	0.322419161380349	0.30987608661238497	0.23179396574336297	0.16794829739619	0.2218686606072225	0.26571946059422075	0.20554488976087593	0.18555258799371818	0.3102733418110571	0.3265056594976707	0.4581531369997134	0.24493107801868957	-0.0056333791848479885	0.471880521592416	0.14472060833203207	0.07080612405264664	0.3016593432927634	0.14674260139619882	0.16365803770942441	0.17120816282584544	0.2597561439804081	0.24607709688360238	0.2180423115946389	0.17569815431552055	0.23726369335230013	0.21239367552697924	0.42016857428672943	0.43709476074671494	0.4027492071189447	0.5134331180394567	0.260559135613248	0.32180196521964116	0.20170317365107898	0.1940334067478511	0.15445273690198513	0.38389201938325784	0.27402989383184984	0.4141860839265384	0.24571508697851835	0.4936677459054655	0.2967966451804305	0.19366762684333133
stardust_2	0.07894132442800705	0.07489826153254633	0.18390356902986665	0.08296199116968712	0.1527055396996851	0.18372049178243416	0.16999329494209103	0.08285609373710269	0.07567503073085961	0.0	0.46316933071079863	0.38301705973116124	0.8550514588685137	0.05300663350951586	0.051280487235437176	0.05176978961355707	0.11610661532486097	0.06454355484817637	0.06731794805938313	0.04568510570951659	0.09775387576965255	0.05934080825744757	0.22279593914610404	0.21842203405879568	0.22864472055073254	0.1602761134814622	0.15928441996729362	0.1422765587334603	0.08465955846096539	0.053581105396227034	0.03108024358676325	0.08756182376156502	0.13856098331756997	0.07043895032450354	0.16090893226202369	0.2678310861374381	0.2620379947242879	0.30049765944804635	0.1765316716235152	0.24427291399566792	0.27322381500508497	0.28504642148475834	0.2307031808001335	0.3152267118993445	0.05576590759179357	0.04115341811308352	0.03216216691297094	0.05653569549078145	0.09886612473729621	0.09686251401166776	0.282086734570492	0.2691089727878141	0.19817574046719547	0.1920895243579104	0.04770194996730233	0.08709087222459594	0.09795514342442228	0.04326711418838395	0.05025239683387407	0.16755267242196897
stardust_3	0.14746193492772372	0.157650478900277	0.16485442527372435	0.15554382884919085	0.18121816834421167	0.16487184992971146	0.1857469724381745	0.15132504541544148	0.1540184239659667	0.46316933071079863	0.0	0.570714486760197	0.4450202025827828	0.15776807337425586	0.15799915120680777	0.16024829222149936	0.15503291819241524	0.08129326215339898	0.07331982059948819	0.06340289502522398	0.08802083813272175	0.03364166437891444	0.23280582756584453	0.23208928778555646	0.19975131977501642	0.05988885940237047	0.10262842163152079	0.09235136496999448	0.1547796310583103	0.11618268650802108	0.03186523035517199	0.1657247609788645	0.05656606265813939	0.061767332358314185	0.20270740812449478	0.3765053565529325	0.3594279398272383	0.37018889118486253	0.17561390940395033	0.18808864089360508	0.20989101416275166	0.22846208005073707	0.20293423565705324	0.29585294376889154	0.13629604768784706	0.12548485841469423	0.11127519339204538	0.16511147622585062	0.22510990998479372	0.2387500599929996	0.3755502610440853	0.4130339740471813	0.17974350311102436	0.15012566469175095	0.11348784101223602	0.20992674155212665	0.14414247317281126	0.14712359070106265	0.10838478452584402	0.1448496978383361
stardust_1	0.21928961784322915	0.2662107863561233	0.235911879034169	0.24206429666692703	0.3011510652730075	0.23350990198585123	0.30751345763100413	0.23146268373902915	0.25145617107534457	0.38301705973116124	0.570714486760197	0.0	0.3683461070820977	0.2214074882285587	0.2228971256804732	0.22415535115399626	0.2445748183227996	0.16600135468863098	0.15627655676325256	0.1262434944143305	0.1437067791383526	0.09197923811616014	0.29426794208681634	0.2850561247447357	0.2696814854263043	0.13485643423305418	0.1700689673436037	0.16411402044473583	0.22570462461370353	0.12176163427395884	0.027178802983584865	0.22782270406881078	0.11275557435810916	0.057430668844804925	0.2687472677183566	0.29201428072501856	0.2713661653889314	0.29355027876836726	0.2503883818064919	0.24874970662837603	0.151506870947658	0.1456388029347023	0.17631423266583005	0.19073528451569124	0.19242185668054862	0.1904146162531011	0.17469866571043682	0.26871343196645553	0.27834807791000477	0.30904257875672314	0.27643880429103296	0.297791012931122	0.14634807777275002	0.19555172591615114	0.14398859504115308	0.32270596111521116	0.13989403833199746	0.23424575839459014	0.13198715562465047	0.13887080084684325
stardust_4	0.07387836591893122	0.06929195546949059	0.17263754602496248	0.07386960859693233	0.1484956987628434	0.17170321328661803	0.16234612747702248	0.07195877509936623	0.06911106983421074	0.8550514588685137	0.4450202025827828	0.3683461070820977	0.0	0.0494604606574097	0.04982339705229411	0.050555952714843075	0.11087028520265182	0.06566012352181723	0.05521465656395526	0.04616984802195612	0.0820366487681316	0.06146675495920952	0.22442454685143937	0.21594609419394947	0.22283374237822628	0.15761429466930973	0.15208010720439327	0.13137084538232557	0.08068513261870774	0.0500437657291035	0.04541380163025544	0.08110325900993787	0.1301683159517016	0.06707899877298037	0.1603632261945162	0.2566861543898827	0.2486927320072777	0.29381471064467407	0.16855140669162835	0.2353970906928091	0.2603844171047574	0.2478380597158744	0.21526756573270445	0.28768490958574633	0.05832876890139449	0.034606315216567395	0.02489531701340996	0.053613156003984065	0.09768937978959405	0.09439741674785337	0.27718233832521105	0.2653724124784602	0.19552889321821365	0.17704754366160047	0.04575130611434437	0.08943731010010861	0.09702268928614198	0.03965190224879085	0.05442248764720578	0.15058024055528763
scanpy_2	0.3716960642745246	0.35523179994281207	0.17842801918399942	0.32040046152838214	0.2812175410138504	0.18553607654214702	0.2563570108895736	0.3050054025209145	0.3388425726230977	0.05300663350951586	0.15776807337425586	0.2214074882285587	0.0494604606574097	0.0	0.7790856793590576	0.8796452337569487	0.22423270653328717	0.2549479116453963	0.21677805265570063	0.21228152222325272	0.17727615185627832	0.0656053540882714	0.2150702700199636	0.20524337507129098	0.19229716344607084	0.08566580621875397	0.16238956750145503	0.1761991538248921	0.3513396349776333	0.25118416408330196	0.018116309422251536	0.3424850931272474	0.05544150236463132	0.0707932936694067	0.20191971423912305	0.12487227171525395	0.1302508044761021	0.12788135450693086	0.1480889233541737	0.13325695850163413	0.1264152237761799	0.10776514098020269	0.14458113010309423	0.10749741720742156	0.2780196597111836	0.3095714615915774	0.26258986101083054	0.3610556699133415	0.27753989691372793	0.30997430416153715	0.12602152418997842	0.14116119699682775	0.08731641572812825	0.20868048974681613	0.19185243781669778	0.4023576276621446	0.151724923799297	0.3305739126593772	0.192246278979365	0.1044781978380431
scanpy_3	0.37119364589789766	0.36186398325816677	0.17689936253256683	0.33378665884395314	0.28455033235494864	0.1820170994903757	0.26192191518336944	0.31893160622747224	0.3479307097819736	0.051280487235437176	0.15799915120680777	0.2228971256804732	0.04982339705229411	0.7790856793590576	0.0	0.8497162153978655	0.2523356662076241	0.2839408473075587	0.23882199716599942	0.2320258478378938	0.19352020563358324	0.08008632924633503	0.22005964930782398	0.22121786189930892	0.19644542859443306	0.09476908190381762	0.1668593120881457	0.18481508457808218	0.3547054354434317	0.2407579325236217	0.01614948842890725	0.3451404652045095	0.06526944565885943	0.07162081611289407	0.20704505892575367	0.12534310217140884	0.12795322041429963	0.12863651030139636	0.15216473825217092	0.13129519172618453	0.1343473169842311	0.1120000683092426	0.15280217628724604	0.11440971791164577	0.2965373760319069	0.3345734771825545	0.2812105255130867	0.3878111049125711	0.2707256002936438	0.3096708263796629	0.1300604053733119	0.13654279013415058	0.08788348875684104	0.21801679748991573	0.18758329578882768	0.41268427271735786	0.16176206404022675	0.3548443999793398	0.19912880075265313	0.10479960585772129
scanpy_1	0.3709371341164089	0.36678449308502253	0.1787421709053265	0.3320369982142066	0.2799056621510203	0.18598729627882585	0.25675088924746403	0.30964082944020005	0.34529573450530576	0.05176978961355707	0.16024829222149936	0.22415535115399626	0.050555952714843075	0.8796452337569487	0.8497162153978655	0.0	0.23109105450039832	0.2588556272667051	0.22231203133081082	0.21460909177551857	0.1811739430262574	0.07373500062264604	0.21720751032908814	0.20787361941298071	0.19840304870153017	0.08657492257340339	0.1635478888351993	0.17766342119070386	0.35255608738010275	0.24717577255046705	0.01810127298047123	0.3443231750465917	0.05717555000975069	0.07383849969522709	0.20076813373395805	0.12287070699963391	0.12655316395114097	0.12624933148029988	0.1505886994373336	0.13305263048866273	0.1290871388560824	0.10722211940095071	0.14492627199643435	0.1073438898206708	0.2809958289668135	0.3109744542893214	0.26096275100754046	0.3674572755854326	0.27419317461640896	0.3117558812823874	0.12434885847711383	0.13788306317702473	0.09127415160857723	0.20418757960655015	0.19094075912221983	0.4079859146973367	0.1522802054775662	0.33498025163946066	0.18732467482964318	0.10674912637799137
bass_5	0.33606451097892853	0.2828994941664726	0.350815423363073	0.2932636513542849	0.34891310498377637	0.3342467701427372	0.4174569165764573	0.3348547717983006	0.32079203220684316	0.11610661532486097	0.15503291819241524	0.2445748183227996	0.11087028520265182	0.22423270653328717	0.2523356662076241	0.23109105450039832	0.0	0.6717744100479125	0.640382138925502	0.5826678272599294	0.46048149297200136	0.184976626090848	0.4010021569254774	0.48198922901465036	0.3700379234734388	0.1611073971410431	0.2836081559578671	0.30342777156591016	0.3434763503960635	0.2366048526157754	0.08909507134340654	0.34411042995844443	0.15248431277357208	0.13684137149859138	0.3983116669416844	0.2560356210719747	0.25949890618169624	0.22568989502721423	0.43793772839017614	0.3556351041703836	0.28817480441305454	0.22277528725001103	0.29577728203628345	0.25794110617545585	0.4145869627728818	0.4286983167582226	0.4115147382537414	0.4312825703830855	0.2894989874845502	0.290811157389361	0.31493743215092435	0.250363405698009	0.23214834671527607	0.3519127537202687	0.318934596504378	0.3922873211736251	0.3729513144596338	0.40767571736118124	0.2959966757318146	0.2724359113028988
bass_2	0.41530409453025247	0.3569035179368642	0.28006114275151833	0.35312088658247787	0.2903809515614825	0.2725026220263047	0.3155633378569355	0.39815040350831193	0.40120337869614026	0.06454355484817637	0.08129326215339898	0.16600135468863098	0.06566012352181723	0.2549479116453963	0.2839408473075587	0.2588556272667051	0.6717744100479125	0.0	0.6107025503753314	0.6847898062470709	0.45498750304491636	0.25734430864672087	0.26709929541520055	0.3274294924163451	0.26078701640601193	0.18836479275686685	0.2675851167283001	0.30071238452590787	0.3815952309661859	0.26922308050873317	0.0743828983718721	0.3737679798117892	0.1606645273816346	0.1377720580770986	0.273810542477747	0.1381678514431685	0.14205571481781612	0.1298172225149692	0.2774569249383445	0.20624089598427212	0.27058231444007863	0.21620681183945176	0.2816316133659756	0.22774853632952613	0.43188823795370296	0.4419777857891185	0.3949827374338456	0.46670559953616203	0.18934600275499658	0.1929514535060901	0.2080548752759441	0.15929820776537612	0.22154981016830633	0.3841340872892581	0.2910728513867009	0.3759028851253308	0.3811382910982699	0.4745903106453438	0.359291909028869	0.224200710541331
bass_3	0.33917941031405374	0.2915109687336274	0.2819076118870149	0.2908419534720062	0.2827659043767313	0.2769592389917923	0.32006961735689016	0.32404834930929527	0.322419161380349	0.06731794805938313	0.07331982059948819	0.15627655676325256	0.05521465656395526	0.21677805265570063	0.23882199716599942	0.22231203133081082	0.640382138925502	0.6107025503753314	0.0	0.7812594242975726	0.48836256811417117	0.16602658988636973	0.31233975642954215	0.33628891673636346	0.32771240732865736	0.13396876648018136	0.23718023763040325	0.2705521172006927	0.33433532278305533	0.3504223006100591	0.043331458371130074	0.3349795900855164	0.119740892604825	0.1205004067981194	0.25203390976880946	0.15658701888498627	0.1480109218461675	0.15410354353483513	0.2741337545966733	0.22840351836792888	0.32896557188941594	0.24766754259775978	0.30656592791032317	0.26482591127794103	0.4339818627798497	0.43538347527079296	0.3809299900446629	0.43440365662200847	0.19815996587972287	0.1996925648825335	0.23486963405970596	0.1736609430332483	0.2582671295511842	0.3181498590141528	0.3353291367453687	0.35048949882267655	0.4526583960334642	0.41849039176674546	0.35103855116491317	0.30133343502713256
bass_1	0.3386492170235156	0.2739724046230336	0.23346663974714882	0.2708985225882412	0.23519883217893545	0.22820702837811424	0.25858989056892967	0.3018822414190432	0.30987608661238497	0.04568510570951659	0.06340289502522398	0.1262434944143305	0.04616984802195612	0.21228152222325272	0.2320258478378938	0.21460909177551857	0.5826678272599294	0.6847898062470709	0.7812594242975726	0.0	0.4649957244231899	0.19604914474239035	0.23611559152321615	0.2693794236869971	0.27195129779440635	0.09915543513546352	0.17650018712708185	0.2051827067619936	0.29801530090733713	0.3271181011053093	0.06092079092380561	0.2979045789021815	0.09154540485006132	0.11480979891089886	0.23822762622405652	0.13492190335717888	0.12021017686294529	0.12447190057008878	0.20806816039817408	0.15672103248973954	0.2598137553712307	0.2140546085737884	0.2607767490144398	0.20294387880776038	0.42842740421036823	0.40222106912320355	0.33220528670941174	0.4380609606746589	0.17943816656536593	0.1764304307873102	0.18882590106158248	0.15176557057173098	0.2364126283293288	0.2608816936939295	0.2805594577556179	0.3545026575717831	0.38863442301723566	0.41543273682000553	0.3492880053995123	0.27110329442229086
bass_4	0.37094976590012635	0.21661030822605845	0.3226763947841352	0.2237215637882409	0.22784186895681785	0.3060777079264598	0.2638876031427874	0.2454248112217644	0.23179396574336297	0.09775387576965255	0.08802083813272175	0.1437067791383526	0.0820366487681316	0.17727615185627832	0.19352020563358324	0.1811739430262574	0.46048149297200136	0.45498750304491636	0.48836256811417117	0.4649957244231899	0.0	0.07453256902947558	0.2855600225260335	0.362720335803151	0.2941055656726501	0.12554771321359093	0.2817548448925769	0.3236129659019895	0.3740749505804089	0.3700110597199095	0.06254652117540085	0.36626007564427365	0.09443966241388856	0.20694199328717575	0.3667293515277204	0.2107800382569334	0.21826757221333293	0.2509194870081213	0.32353781782185276	0.21845140461285995	0.2692015114262624	0.3967899328077172	0.26471287135771937	0.28635174424958665	0.3953015114838016	0.48327059349047685	0.4441088301415409	0.3577780808021039	0.27430644923101255	0.2525216265465078	0.3395598890215189	0.24586463733072325	0.2812720580158768	0.3618650369596692	0.3316383667766508	0.27600032985722955	0.40812184105104465	0.34478039357334184	0.37847074617436427	0.25585233703628646
BayesSpace_1	0.13799752590182884	0.17151304064691564	0.09304408896592713	0.167365690402496	0.09962007516497896	0.09787398330458544	0.1049093613489591	0.1633551449398602	0.16794829739619	0.05934080825744757	0.03364166437891444	0.09197923811616014	0.06146675495920952	0.0656053540882714	0.08008632924633503	0.07373500062264604	0.184976626090848	0.25734430864672087	0.16602658988636973	0.19604914474239035	0.07453256902947558	0.0	0.09410808945302881	0.11471918157207049	0.06986696670253402	0.2602170039182454	0.1186842851493519	0.12019868219336391	0.12664613529633592	0.019495374478850996	-0.1250346225141241	0.12865216533850152	0.31228906531290457	-0.011789004114565349	0.06055248280946695	0.010842258364905	-0.0080336873386679	0.01499301667996103	0.07617266274368888	0.07526528234960386	0.0611514487651346	0.002738881637613127	0.037619133555490014	0.03979321993462216	0.12416379399635787	0.1258571159838995	0.08038696243045301	0.18890998820887256	0.012849662105658287	0.019508104626398928	0.015928925706207644	0.00885204692142959	0.05449540414588806	0.09859392339623013	0.03593037938872439	0.12600520044932312	0.06045215216142065	0.16289972318032034	0.050926287521257066	0.028804455234578735
CellCharter_2	0.2666338656695997	0.2147364122806385	0.29787428756877904	0.23024733860078353	0.3054601270268002	0.29614970820682174	0.32754505521435434	0.22515141391065824	0.2218686606072225	0.22279593914610404	0.23280582756584453	0.29426794208681634	0.22442454685143937	0.2150702700199636	0.22005964930782398	0.21720751032908814	0.4010021569254774	0.26709929541520055	0.31233975642954215	0.23611559152321615	0.2855600225260335	0.09410808945302881	0.0	0.6805045504975478	0.4964510130721228	0.13992115589973966	0.23991685936527818	0.2698347489810272	0.2985568910662238	0.21498027068893813	0.06447408903175593	0.30989066485839384	0.09648283007598432	0.1040027275950595	0.2922157237002542	0.22403834077760507	0.2163805068512816	0.2571291464707423	0.33417800708017814	0.3136871709077641	0.21015059174344936	0.18151852843076324	0.21039612527965149	0.19628419095849356	0.219389921444731	0.27141496575670593	0.21642744534719457	0.2536288389968115	0.3097614730323138	0.3099816525486064	0.2569960112887241	0.2162192039483575	0.17268301821525248	0.2385946746431329	0.27995377993646736	0.3038613833977339	0.2526712612286074	0.23727481999005326	0.19705813179550785	0.21206809102154517
CellCharter_3	0.32812750338502744	0.2525572316673327	0.36499779292903983	0.27086919209198057	0.32384061778289625	0.35477179268936393	0.3576993674855436	0.271608508855786	0.26571946059422075	0.21842203405879568	0.23208928778555646	0.2850561247447357	0.21594609419394947	0.20524337507129098	0.22121786189930892	0.20787361941298071	0.48198922901465036	0.3274294924163451	0.33628891673636346	0.2693794236869971	0.362720335803151	0.11471918157207049	0.6805045504975478	0.0	0.5104544915033901	0.17094303484468962	0.3110329237688688	0.3508229333101229	0.3766438971179428	0.24847878931371986	0.06582640456454485	0.38249786629163895	0.11732926000446144	0.1154228754292099	0.38614798859298194	0.253256451714395	0.25392274798077635	0.3018089452244711	0.4097468601588234	0.3641481010428524	0.25695184809516664	0.2192041786767838	0.2670137526141018	0.246130747194283	0.26740319437475674	0.36889725830016135	0.2945086087599928	0.33944230033340955	0.34709709427826396	0.34577977228509144	0.3035596558930429	0.24668718328073186	0.19608022997835953	0.3268284466590619	0.340542364440641	0.34797563281473887	0.2932897256218147	0.30191361743658385	0.2570034309652525	0.27917329781144473
CellCharter_1	0.29194515631546936	0.20614350633602163	0.3821704880816618	0.22157484248019269	0.3897872571141597	0.38272752800681803	0.42768688187148957	0.2238206888570298	0.20554488976087593	0.22864472055073254	0.19975131977501642	0.2696814854263043	0.22283374237822628	0.19229716344607084	0.19644542859443306	0.19840304870153017	0.3700379234734388	0.26078701640601193	0.32771240732865736	0.27195129779440635	0.2941055656726501	0.06986696670253402	0.4964510130721228	0.5104544915033901	0.0	0.14411573684956341	0.24563994895231964	0.2784374196302658	0.34894601360064126	0.2494603624021921	0.10986075688204122	0.34425567580192934	0.09687610850109214	0.13484969722759996	0.2721162994332248	0.1727918722871337	0.17815972776148856	0.17339370297149678	0.3751362158892236	0.363511916674788	0.17115735209631425	0.14452350354332288	0.1727756038262965	0.14770388106572896	0.2221515651018397	0.2234048673327483	0.18813868639460182	0.2628679974318534	0.2606300145341411	0.2572957052525716	0.20431576578044472	0.18334186505026726	0.20462348735077093	0.1917638684827939	0.23216623630255726	0.2967006020336588	0.20012697166246468	0.21548240905142027	0.21944117419762177	0.2659204189277444
GraphST_5	0.1827284755271887	0.1586525755680933	0.17676352891668107	0.17522595628651405	0.1448877320475934	0.17481649920689804	0.17808856620223604	0.20999176271092068	0.18555258799371818	0.1602761134814622	0.05988885940237047	0.13485643423305418	0.15761429466930973	0.08566580621875397	0.09476908190381762	0.08657492257340339	0.1611073971410431	0.18836479275686685	0.13396876648018136	0.09915543513546352	0.12554771321359093	0.2602170039182454	0.13992115589973966	0.17094303484468962	0.14411573684956341	0.0	0.46910846367655845	0.42519948133712576	0.2083409759890718	0.08543660014265805	-0.04250226166560669	0.21559405034847273	0.6953347965505017	0.04046381919289627	0.17638008083239146	0.07428678060526349	0.05403167442838108	0.09181021584293908	0.25628461812736897	0.24377411848516195	0.1493572304459362	0.06858942379956391	0.14634065235992175	0.12633381700913507	0.17744612840946178	0.21308556939418954	0.1982014998212427	0.21345649834309954	0.11717663723787754	0.11372676943013178	0.10272241888611848	0.0745431753784228	0.12950068705997705	0.26399434295419394	0.09943689202119388	0.14011056124751434	0.10514542209440166	0.21203211760930693	0.16742832617733483	0.08245502265791797
GraphST_8	0.3107677466935294	0.2701163214899033	0.2946100193469322	0.2911253970394402	0.23302123167502628	0.27931908369474984	0.27375995239174866	0.3267412889841149	0.3102733418110571	0.15928441996729362	0.10262842163152079	0.1700689673436037	0.15208010720439327	0.16238956750145503	0.1668593120881457	0.1635478888351993	0.2836081559578671	0.2675851167283001	0.23718023763040325	0.17650018712708185	0.2817548448925769	0.1186842851493519	0.23991685936527818	0.3110329237688688	0.24563994895231964	0.46910846367655845	0.0	0.8508302550876226	0.38445845554461267	0.20258032345604984	0.007870911718084215	0.40922230000852267	0.3694442716548765	0.18232004023305062	0.3548797652140597	0.20044915893466214	0.22916503609390246	0.2187910070542801	0.5318119838022424	0.46071325210021363	0.30129076280913525	0.246498520348857	0.31302907869560964	0.315143374212867	0.33547845150286076	0.40648099718651415	0.3945339298261989	0.367615108002158	0.24706326917696636	0.2591818854279572	0.23387002037959156	0.19726391421460934	0.18379086970913946	0.4467268673675429	0.26506223224923403	0.22589045894410836	0.25160300891393833	0.3459765928070139	0.2918037843428594	0.21432520910470532
GraphST_9	0.33360702732109737	0.2852097409305179	0.3095093880106722	0.31401476262259054	0.23937113005123883	0.29493691226032154	0.28190720063157104	0.35228233495853145	0.3265056594976707	0.1422765587334603	0.09235136496999448	0.16411402044473583	0.13137084538232557	0.1761991538248921	0.18481508457808218	0.17766342119070386	0.30342777156591016	0.30071238452590787	0.2705521172006927	0.2051827067619936	0.3236129659019895	0.12019868219336391	0.2698347489810272	0.3508229333101229	0.2784374196302658	0.42519948133712576	0.8508302550876226	0.0	0.4019188100221862	0.2281061609699566	0.024823283745202145	0.42568254629888475	0.33141966444379706	0.21751742142926792	0.36931958771979123	0.19914530001278094	0.23801937404542292	0.23274660954097642	0.5092351744648486	0.42824111430120615	0.2976881068917207	0.24569476287629755	0.3066177731563162	0.31216747593302246	0.33217185230425644	0.4241406300110099	0.4033073817183667	0.3696535603985913	0.2501355149600632	0.2582580476633186	0.23068488594166278	0.20101915467990414	0.19895458385832893	0.45777929759257313	0.27601795778960103	0.23514105079095987	0.26796072487500805	0.349457517127949	0.31851200765010573	0.26669622282740824
GraphST_2	0.6672903080212857	0.4529130249435117	0.3640739886440715	0.4530881112556183	0.40947051003418405	0.3757332077816795	0.40258464937531735	0.4491296393881746	0.4581531369997134	0.08465955846096539	0.1547796310583103	0.22570462461370353	0.08068513261870774	0.3513396349776333	0.3547054354434317	0.35255608738010275	0.3434763503960635	0.3815952309661859	0.33433532278305533	0.29801530090733713	0.3740749505804089	0.12664613529633592	0.2985568910662238	0.3766438971179428	0.34894601360064126	0.2083409759890718	0.38445845554461267	0.4019188100221862	0.0	0.4225209972688223	0.011948210676089364	0.855101704812865	0.15477361101044143	0.11193110543792632	0.36138530214496406	0.20829306948271054	0.1954444210491822	0.20018932157325772	0.3574303084727037	0.3088862467510902	0.2322041182820577	0.21252640623701138	0.24556201280835896	0.22660904625407335	0.4200378009658052	0.5836029989006707	0.5108275655821013	0.5852073126906108	0.37923869071222355	0.41518402881276517	0.2334899325036862	0.22642328558657326	0.21062003055995906	0.40765551214726736	0.3693997920161514	0.5000961790656102	0.2954259084451394	0.502986526052408	0.340431244219835	0.2185860716230501
GraphST_3	0.3848313832238721	0.23711830568771447	0.24480140495980418	0.2445772069111395	0.24814435014988698	0.2556756421039782	0.25219112961405243	0.25358608250266407	0.24493107801868957	0.053581105396227034	0.11618268650802108	0.12176163427395884	0.0500437657291035	0.25118416408330196	0.2407579325236217	0.24717577255046705	0.2366048526157754	0.26922308050873317	0.3504223006100591	0.3271181011053093	0.3700110597199095	0.019495374478850996	0.21498027068893813	0.24847878931371986	0.2494603624021921	0.08543660014265805	0.20258032345604984	0.2281061609699566	0.4225209972688223	0.0	0.054393311639212	0.4334578997170979	0.04891419680105986	0.1929486224885575	0.25103413083052484	0.2018873038235761	0.18774417173883773	0.18184519715642497	0.21216579434248653	0.16295576279209203	0.16384296189370298	0.20753101168437324	0.163924427742782	0.16955845995583058	0.3254854023323685	0.38441195728139615	0.3404681800592107	0.3442265306830099	0.34132999436394973	0.316897590789719	0.22639289476739755	0.23757153872162184	0.21669685153219786	0.2552346479386359	0.2789048592858385	0.3249818994889926	0.3139389182243008	0.3173180778893445	0.41191160775880603	0.21982228402464468
GraphST_6	0.026198365053115222	-0.0011154597726225058	0.049764741835904416	-0.0008568784752130892	0.047235406310063094	0.05055794925427965	0.046921690726588514	-0.004589834669872968	-0.0056333791848479885	0.03108024358676325	0.03186523035517199	0.027178802983584865	0.04541380163025544	0.018116309422251536	0.01614948842890725	0.01810127298047123	0.08909507134340654	0.0743828983718721	0.043331458371130074	0.06092079092380561	0.06254652117540085	-0.1250346225141241	0.06447408903175593	0.06582640456454485	0.10986075688204122	-0.04250226166560669	0.007870911718084215	0.024823283745202145	0.011948210676089364	0.054393311639212	0.0	0.0047686386073447894	-0.08270812993575415	0.22158014722752037	0.05004560853673144	0.04955232049320508	0.06300386429697552	0.03647321131834169	0.06347419015360166	0.04469003234162445	0.0073031469618710975	0.032503406176332246	0.015552612185235359	0.004038367057908359	0.0016868891280056337	-0.009587682222565225	-0.012980212330040663	-0.010978788974978615	0.05203767924925174	0.041668213129290047	0.059804344525579874	0.06864694184444121	0.047907870302225826	-0.004915974820753976	0.018166898319836887	0.04568852676691513	0.022375213684639735	-0.005307733800761488	0.04433962483148277	0.08289428810544579
GraphST_1	0.6674387629174631	0.46307150139506664	0.3579101335302656	0.4619561159587238	0.415076797485369	0.36833778901054437	0.4110797231447169	0.4619338186544292	0.471880521592416	0.08756182376156502	0.1657247609788645	0.22782270406881078	0.08110325900993787	0.3424850931272474	0.3451404652045095	0.3443231750465917	0.34411042995844443	0.3737679798117892	0.3349795900855164	0.2979045789021815	0.36626007564427365	0.12865216533850152	0.30989066485839384	0.38249786629163895	0.34425567580192934	0.21559405034847273	0.40922230000852267	0.42568254629888475	0.855101704812865	0.4334578997170979	0.0047686386073447894	0.0	0.1579722754942405	0.10836900395331912	0.3606630567381222	0.22270715889162948	0.20770042907802644	0.20407866913904396	0.359052745748798	0.3093838424628913	0.2404176843913094	0.224717161704029	0.2562951522416241	0.24147657489958563	0.4511484415422491	0.5873793412358436	0.5103738481116911	0.59278443305977	0.3887355229592154	0.42195635213356264	0.23730262219824935	0.23613294813531888	0.20913437438265964	0.4082212102403585	0.3865723228430785	0.4908200325915828	0.31000596562155947	0.5309230179044265	0.36539483501752174	0.21278331318288163
GraphST_4	0.12836159547170362	0.12245919387323818	0.1207084341487799	0.13648249546056004	0.09595193004986172	0.11746000356504249	0.1301032618454737	0.16205599161364367	0.14472060833203207	0.13856098331756997	0.05656606265813939	0.11275557435810916	0.1301683159517016	0.05544150236463132	0.06526944565885943	0.05717555000975069	0.15248431277357208	0.1606645273816346	0.119740892604825	0.09154540485006132	0.09443966241388856	0.31228906531290457	0.09648283007598432	0.11732926000446144	0.09687610850109214	0.6953347965505017	0.3694442716548765	0.33141966444379706	0.15477361101044143	0.04891419680105986	-0.08270812993575415	0.1579722754942405	0.0	0.008164779257139515	0.1360208436818644	0.02904986789753708	0.01771059300283749	0.038634552898332605	0.20321786657893076	0.1972021597307158	0.1319277482169258	0.045841538786388164	0.10818016482871794	0.11019623604457665	0.1427650890933694	0.16195524059070054	0.15625909377052907	0.16907071667721785	0.07214422603106319	0.07047962622534122	0.061550933282294294	0.032888883960673854	0.09790485325641377	0.24140869118669198	0.05757533524053657	0.0970044209927225	0.0672650882148011	0.15750020932079337	0.10722252700558758	0.04727846750511566
