	label	GraphST_default	GraphST_2	GraphST_dlpfc	GraphST_1	SEDR_default	SEDR_2	SEDR_dlpfc	SEDR_1	STAGATE_starmap	STAGATE_default	STAGATE_slide_stereo	STAGATE_1	BayesSpace_default	BayesSpace_melanoma	BayesSpace_1	BayesSpace_scc	bass_starmap	bass_default	bass_dlpfc	bass_1	spaGCN_default	spaGCN_2	spaGCN_3	spaGCN_1	stardust_default	stardust_tutorial	stardust_2	stardust_1	SpaceFlow_default	SpaceFlow_2	SpaceFlow_3	SpaceFlow_1	DRSC_default	DRSC_FindSVGs	DRSC_all_genes	DRSC_FindVariableFeatures	precast_default	precast_dlpfc	precast_1	precast_BC	seurat-louvain_louvain_3	seurat-leiden_leiden_4	seurat-leiden_leiden_1	seurat-louvain_louvain_1	seurat-louvain_louvain_4	seurat-leiden_leiden_2	seurat-louvain_louvain_2	seurat-leiden_leiden_3	CellCharter_default	CellCharter_2	CellCharter_dlpfc	CellCharter_1	BANKSY_starmap	BANKSY_default	BANKSY_github	BANKSY_dlpfc	scanpy-louvain_louvain_3	scanpy-leiden_leiden_4	scanpy-leiden_leiden_1	scanpy-louvain_louvain_1	scanpy-louvain_louvain_4	scanpy-leiden_leiden_2	scanpy-louvain_louvain_2	scanpy-leiden_leiden_3
label	0.0	0.5808823907997203	0.6572031691752396	0.6237594736310423	0.6658345042720061	0.5577401270363883	0.5608811760887005	0.5618615880337086	0.5802230446599983	0.549823702878171	0.5174766962558648	0.3255299788639597	0.5385310676063266	0.7354351054532119	0.6972903868506979	0.6979070267852326	0.7344538061251255	0.6909858010359833	0.6881409008615563	0.4285631219750233	0.431077251430998	0.31408333923361414	0.544736724437767	0.49710093202646144	0.3009492932404708	0.35496079390116186	0.4285409174008355	0.432524830737158	0.3542556791905512	0.5210425267721643	0.3621407519780302	0.44951764829043717	0.37142563039100895	0.5792548597760583	0.411324222042864	0.5577502369763117	0.5326646366729889	0.45309160170843715	0.5637213876742694	0.5152748307160783	0.4506695715695873	0.31186478119093763	0.37047656555078795	0.3205074432536189	0.30819603794527056	0.36038761130081187	0.37047656555078795	0.36038761130081187	0.34040753662945405	0.563723803618944	0.558720379936289	0.5337725676646313	0.5638706986088208	0.4981002775862508	0.4440638065299818	0.4983086019595445	0.4056187816296416	0.19449956805833735	0.18155839484666705	0.16581080001383064	0.20244323308228018	0.18573893041776354	0.1851376293259482	0.20083942307322697	0.18643528885546803
GraphST_default	0.5808823907997203	0.0	0.637046606653647	0.7819301934631397	0.6055259639283902	0.6786782387935498	0.6944518838628734	0.6870996012846149	0.7448536068186484	0.5476507453450309	0.6387326636977949	0.2966526589914595	0.5570036916069967	0.6266623262711406	0.6428043851741033	0.6442087288461948	0.6265654985102314	0.6317760803075569	0.6227876692998285	0.5170310290924728	0.5133766982941004	0.34563170156192885	0.47937811955329845	0.44003847309470895	0.3240408022538762	0.36213723995468033	0.32480047897420256	0.32886236863010376	0.36245868629183536	0.5761305409124582	0.38861732324509474	0.33461385109713737	0.4164719951864574	0.6970360167323038	0.47467539066674047	0.6658854323083435	0.6452337781192631	0.4158020986468421	0.7450025635728583	0.5704700806639554	0.4154930268164643	0.2657088052513387	0.34557226127902413	0.2754140614077099	0.2640503727214091	0.3270926595243443	0.34557226127902413	0.3270926595243443	0.2949287074558874	0.5990023989764584	0.5930833293678882	0.5527789931362148	0.6008297584752355	0.5537986088796408	0.477320740787373	0.5870668574212206	0.5092013707127566	0.20122371609417858	0.17575760214465175	0.17471076437500066	0.20539461486902122	0.1836074938376771	0.17619442732092463	0.1931324648175766	0.18837171617454607
GraphST_2	0.6572031691752396	0.637046606653647	0.0	0.6249903697498572	0.8596292403679924	0.5859417290959095	0.6023238536651296	0.5873256381156542	0.6177516061700193	0.5511929188816176	0.5455356629364587	0.35533984171821903	0.48612367445736204	0.7481509128260053	0.8574822215902073	0.8573854812883944	0.7491542926644011	0.8573432281024745	0.8536767424804358	0.5072934546518243	0.5211373478853103	0.3238568218544437	0.5314129824660769	0.49770647323262973	0.3147735968045213	0.3877027321613038	0.38994454422535074	0.38729256764152636	0.38387390849060526	0.5096575667179669	0.3665552760448781	0.4318935509409891	0.3457213297953748	0.5776741803754577	0.472216502755531	0.5959715605804532	0.540541460340645	0.5029714528953855	0.5943122653694536	0.5495120910081237	0.49360521388016915	0.3645537188303315	0.4447855852238483	0.37386839068120525	0.36277271692048874	0.4236101688963009	0.4447855852238483	0.4236101688963009	0.38048448738087376	0.534473251057056	0.5395467782714864	0.4951923373610763	0.5430855116904335	0.4500326362864136	0.36323737372358017	0.5517120810034872	0.3878428343736266	0.19329381390652117	0.17166593690237172	0.18676201188504607	0.21092766511532568	0.18657061331786667	0.1765738487728725	0.19514267713927957	0.191416622285125
GraphST_dlpfc	0.6237594736310423	0.7819301934631397	0.6249903697498572	0.0	0.6502272576100679	0.6865739648987113	0.7337912531178603	0.7159680252410964	0.7781076359252922	0.57319453455989	0.6570447430200819	0.29484208282795693	0.5639170507112778	0.665907253463916	0.6696908304973264	0.6711165544632469	0.6665007978134955	0.6523167959432524	0.6402791776687792	0.5095664474891515	0.5111344806493909	0.3475645000044983	0.4838270206014447	0.4389600403707288	0.32100867833508073	0.36834638939130965	0.32302099956192265	0.32693901125495056	0.3642770812020791	0.5900762425735858	0.4032785103851451	0.3439208905075904	0.4175639605540667	0.7015870258710485	0.47270574994717707	0.6661213988077369	0.6529858990113253	0.42290485387138727	0.767686322265802	0.5629497303414482	0.42184970647174497	0.26314675164463724	0.34205004630215463	0.273524046049876	0.26112337862857643	0.32773110037485353	0.34205004630215463	0.32773110037485353	0.29189444053681735	0.6159418797190735	0.6208418749394989	0.5622638447103847	0.6276110819582698	0.5936555099262465	0.481079484320697	0.6132414608179146	0.526063068374528	0.20249157866680162	0.17691290860942507	0.17981652307590174	0.20785791065601383	0.18611918828139942	0.17769398258123173	0.1921470840058204	0.18899885992020393
GraphST_1	0.6658345042720061	0.6055259639283902	0.8596292403679924	0.6502272576100679	0.0	0.5811101080864202	0.620045686572203	0.594180890569375	0.6219252315901911	0.5567166935265248	0.5451603323620889	0.34272246496961134	0.4944508806843568	0.746569549611164	0.8529208610492242	0.8527569136262076	0.7479400234886272	0.8545107922344327	0.8565926415485774	0.5274454274760964	0.5427849385068777	0.32485708028350707	0.524617424830862	0.4803362136634983	0.30581938439377176	0.3802409073493805	0.3911208371217459	0.3932270075678915	0.37606636364525176	0.5230379701721279	0.3766453930074933	0.4398639896299039	0.35332933680209494	0.5692484125292929	0.4792769380372887	0.5898465816690415	0.5316936510196681	0.5181302148379542	0.5924561363574088	0.541745652773539	0.5060038747570436	0.3521802978304149	0.41996650037546474	0.36158110403385574	0.3509580673751318	0.4017381720767492	0.41996650037546474	0.4017381720767492	0.3691836290098602	0.5400873191599862	0.5539670803840858	0.5007338642063759	0.5535101826345636	0.4685363008637451	0.36193460824087254	0.5613943392071158	0.39563712058662115	0.18911866896004864	0.17202933763440453	0.18441938280573103	0.21055586665410786	0.18433434425265124	0.17753572901059697	0.19484273213438266	0.18854018255250615
SEDR_default	0.5577401270363883	0.6786782387935498	0.5859417290959095	0.6865739648987113	0.5811101080864202	0.0	0.8174419713337813	0.884099806022016	0.8009590003281071	0.6511633686716142	0.7234417907191658	0.3112106174676105	0.6080296016759305	0.5507454027895735	0.6330772240632996	0.6355025420258058	0.5519120810020566	0.6166318594308429	0.6086482110217821	0.6200986435962421	0.6149971930008213	0.4259384644051856	0.5033551318553373	0.4612067753860499	0.3896504394527326	0.375250648856159	0.33292602381369335	0.3445472612697814	0.37226228406847334	0.6447455553009045	0.4033254239577679	0.3056605563572826	0.473831753169666	0.7765340988518745	0.5508356157783701	0.7930991123346212	0.5790778236246626	0.4516350136069915	0.6877343571047518	0.611254987050065	0.44719200552093463	0.28715410391183804	0.3627166347088557	0.2999331310896309	0.28718468167823147	0.33939263108733203	0.3627166347088557	0.33939263108733203	0.31491877547958086	0.6980919146227917	0.7266493999383012	0.6727872448287806	0.7183175473692932	0.6081109592669144	0.577949587782678	0.7484278330902573	0.5671791512332917	0.19265103464272534	0.16441152030982129	0.16812673473375675	0.1891942199233123	0.1691554815760896	0.16195396879838253	0.17831926373576942	0.18625883523250633
SEDR_2	0.5608811760887005	0.6944518838628734	0.6023238536651296	0.7337912531178603	0.620045686572203	0.8174419713337813	0.0	0.8831537396755952	0.7939056276222801	0.616896611117094	0.7187738191351493	0.3122526953613453	0.5656682152887692	0.5563515027238445	0.6429840212767085	0.6440324036485202	0.5574960829712697	0.633209017377596	0.6304170480778805	0.6025390335118358	0.6020578619996432	0.42195749320517173	0.4954192430583047	0.4547805803333427	0.38741633961652994	0.3777773364352712	0.32867732272076655	0.3388471646831196	0.3755820834296343	0.629643111386892	0.3950921562068825	0.30689567036258564	0.47209431789082923	0.7883101774466398	0.5504236739830992	0.775134445793631	0.6196406537379034	0.4517277572958666	0.7219772396147179	0.6098910171577676	0.4487354707877024	0.27959296142353146	0.35670908499001946	0.2922732345211132	0.28002465836411794	0.3315065947226221	0.35670908499001946	0.3315065947226221	0.30414299043644616	0.6774251524797723	0.7143646417813018	0.6347665608311724	0.7052016638120391	0.6069502351926181	0.5430549963092353	0.7121403010011212	0.5855471046754028	0.20537244162621876	0.17167811744130074	0.17617790791995155	0.20231597228512285	0.1777907287299366	0.1710269619656372	0.1868679004999524	0.1935885098294706
SEDR_dlpfc	0.5618615880337086	0.6870996012846149	0.5873256381156542	0.7159680252410964	0.594180890569375	0.884099806022016	0.8831537396755952	0.0	0.8044689686159839	0.6441323847590205	0.7404033696673162	0.3083680146584771	0.5953965838813006	0.5500070134705546	0.6291088401733428	0.6302119182790328	0.5511589511336481	0.6174867078735164	0.6169858666968513	0.6283508818801584	0.623130532114187	0.4351066394689665	0.5117784667279497	0.46820439560828137	0.39701908661396934	0.38167195505307583	0.32816264585974875	0.33839430306887247	0.3780861025170232	0.6586282036392949	0.4158376637215283	0.303224152625932	0.4932503268533878	0.7995908521267265	0.5644403151930651	0.8126727290110818	0.5861723497957113	0.44937955275551034	0.7065173721413436	0.6121520672303475	0.4455267649355374	0.2849683913836598	0.36174478814212907	0.2972846298164711	0.28452461747616975	0.33850926060676795	0.36174478814212907	0.33850926060676795	0.31064584838476583	0.7056550227098529	0.7376350796563703	0.6579731832328793	0.7326482167970475	0.6287486285151135	0.5813317740892614	0.7584965299804038	0.5721468116558202	0.19151630297910816	0.16180909461320186	0.16372732055186334	0.18748284432655446	0.16485775752244075	0.1596736636981052	0.17487133483408876	0.1824871172654546
SEDR_1	0.5802230446599983	0.7448536068186484	0.6177516061700193	0.7781076359252922	0.6219252315901911	0.8009590003281071	0.7939056276222801	0.8044689686159839	0.0	0.5780562936347883	0.7093058020025512	0.2932895391584704	0.5618429858853812	0.6007451902200696	0.6642652798511904	0.6656768728898199	0.6020045608863862	0.6484613821047396	0.6390826380712256	0.552230759362358	0.5560683712816462	0.38975595800937207	0.5126061282908465	0.46728816430077824	0.3540530646101073	0.3504983122493216	0.31867498901846114	0.326876218578718	0.35108976427173394	0.5828623802552587	0.3905364858598097	0.3162154577935113	0.442367753902585	0.7507161182334914	0.5057243824240422	0.730997676753004	0.6006559727761774	0.4283435677541168	0.7413497338406928	0.5944115158289798	0.42751136180248983	0.26034369115930567	0.34589533378772513	0.2715789163722573	0.2604127570175255	0.3199152800198	0.34589533378772513	0.3199152800198	0.2876040228468106	0.6359476442420494	0.6476688212271134	0.5779966643484694	0.6434408327610046	0.5944012675144946	0.5115369329550175	0.6599394159574813	0.5476053316818159	0.1812220173700487	0.15543370133404272	0.1577173836830507	0.18061987363513635	0.16439292914510778	0.15430207189426295	0.1686572976098785	0.173168216121691
STAGATE_starmap	0.549823702878171	0.5476507453450309	0.5511929188816176	0.57319453455989	0.5567166935265248	0.6511633686716142	0.616896611117094	0.6441323847590205	0.5780562936347883	0.0	0.5908590213569868	0.3267054373190899	0.548014014702449	0.5481523160319955	0.6006509442049206	0.6015588177529883	0.5478194713190652	0.601169457116698	0.5920223523830707	0.5698296334341794	0.5686401820635499	0.38768152380091137	0.4661720825907761	0.42626032070519376	0.3557818864111876	0.3579959910984445	0.35710617746051804	0.3673121265104205	0.35344448097383013	0.5701285442950875	0.3446753227696655	0.34069556899454473	0.4212817168025005	0.6231754218001028	0.4788036183315047	0.6303330641879944	0.49816930664838627	0.5360989664263286	0.5507690673312329	0.5003295959505156	0.5272120187157807	0.32213810183620456	0.3907446114548494	0.3341293634347798	0.3168395265118737	0.36802999884531873	0.3907446114548494	0.36802999884531873	0.34841506930856664	0.6215747815753895	0.6178133551921884	0.6804223878822938	0.6241760781065142	0.5054756260293961	0.5144939873091549	0.6930511906418134	0.5765934061717286	0.18065413834243443	0.16063482105328494	0.1531518062383516	0.17733339151215444	0.1573742286543513	0.1570390929342402	0.1701836465827145	0.17308910133010164
STAGATE_default	0.5174766962558648	0.6387326636977949	0.5455356629364587	0.6570447430200819	0.5451603323620889	0.7234417907191658	0.7187738191351493	0.7404033696673162	0.7093058020025512	0.5908590213569868	0.0	0.2633542052851686	0.5778196124306023	0.5262888406529889	0.6053944184027248	0.6060062785244912	0.5267950675254273	0.5908899058903024	0.5790799418697088	0.5582656979056909	0.5524914224188471	0.3752994772789604	0.5163090582584138	0.4732384212289333	0.3443356466476657	0.3185807999647527	0.2790720383102406	0.28611046982476823	0.31189492576140637	0.5615245162402716	0.36962095278819673	0.2653999267799554	0.40625074555458807	0.7328970708369178	0.5215994308725223	0.705992360679195	0.5450219800143186	0.4163457308326847	0.6817014241852645	0.6251018548969648	0.4169037598410083	0.2357849343414707	0.3083782348835199	0.24484679199360224	0.234249099721328	0.28880641858876005	0.3083782348835199	0.28880641858876005	0.26010289509454393	0.6354342062954613	0.6484293301286314	0.5955376461774072	0.6477521340143045	0.5277093078860785	0.48352382723393206	0.6551289080136015	0.46754111090623834	0.14875988958193417	0.12030523072848778	0.12325427787917997	0.14801891683337218	0.13036071046096828	0.11973835327299621	0.1357505218369001	0.141192097701689
STAGATE_slide_stereo	0.3255299788639597	0.2966526589914595	0.35533984171821903	0.29484208282795693	0.34272246496961134	0.3112106174676105	0.3122526953613453	0.3083680146584771	0.2932895391584704	0.3267054373190899	0.2633542052851686	0.0	0.3013880651527181	0.34250477985204325	0.36370035867530537	0.3634326683264624	0.34279158010787536	0.36161402512200996	0.3604929159995232	0.35872063505734847	0.3484079960009408	0.3693092646581911	0.3053500411567081	0.3176671471157408	0.4181764870359909	0.30459195636451264	0.3191430252032839	0.316640824146148	0.30471032753934274	0.3077938812962357	0.19394995522248215	0.2300367172025888	0.27256563000683093	0.31556113508243055	0.3687889930681978	0.3148662816922835	0.3078583153847327	0.3849730013345904	0.2883011496086176	0.2929037016135278	0.38158041790961666	0.32739258732262594	0.26260101514929174	0.3487920663682275	0.3316700345003781	0.2540895542746188	0.26260101514929174	0.2540895542746188	0.36922385338500996	0.30566916967399166	0.312113130810862	0.31337226573782384	0.30635526192272133	0.24889465090483243	0.25563702406296174	0.31029750570292136	0.2411699628810754	0.17201075283344477	0.14762316475281478	0.1496417708424296	0.15790804994791485	0.15626288350843312	0.1446828867998485	0.1621077114716201	0.1708764413926634
STAGATE_1	0.5385310676063266	0.5570036916069967	0.48612367445736204	0.5639170507112778	0.4944508806843568	0.6080296016759305	0.5656682152887692	0.5953965838813006	0.5618429858853812	0.548014014702449	0.5778196124306023	0.3013880651527181	0.0	0.5625571819662807	0.5399280653865468	0.5401144620351721	0.560399228339765	0.5307574099016129	0.5225308925163824	0.47500339151592474	0.4751162663061208	0.34257007268979145	0.4633564736781767	0.42569367991747376	0.32167685537554197	0.3863728585781383	0.34327784909307985	0.3503489398721394	0.3793204100999713	0.6726680028905836	0.5014735428783895	0.3230563334340012	0.4657264286175664	0.6195717106023391	0.5246124690932017	0.5752788724696292	0.5252029304502324	0.4298911035194409	0.5716368794062576	0.6308939467287318	0.4274079846467361	0.2752967682188326	0.32599041954286856	0.28418576372122456	0.27092555924338946	0.32059262618547846	0.32599041954286856	0.32059262618547846	0.3064321164757636	0.6721021392480003	0.6654939049400026	0.6463994017998139	0.6580715722851942	0.5578035168524118	0.5018627622837594	0.5585677447621635	0.40149722017346673	0.20416040137487632	0.18093395035892165	0.18283639110166267	0.197107140016308	0.17823566222780884	0.18129350991797233	0.19687681487930503	0.20983245588544763
BayesSpace_default	0.7354351054532119	0.6266623262711406	0.7481509128260053	0.665907253463916	0.746569549611164	0.5507454027895735	0.5563515027238445	0.5500070134705546	0.6007451902200696	0.5481523160319955	0.5262888406529889	0.34250477985204325	0.5625571819662807	0.0	0.818822265656127	0.8180463532851129	0.9966834123415813	0.7964574335395866	0.782046504792701	0.41916129347522546	0.4268658512972734	0.3008779111267897	0.5486893262583574	0.5092462514780889	0.2897938695348579	0.3858366021508465	0.40204560534481254	0.39888696010998936	0.3786085467286181	0.531981366164734	0.42654448291275926	0.49332822817607147	0.36556437940676806	0.5816234391621422	0.41045305858385567	0.5532707760278464	0.5696106517807338	0.4664232378556607	0.6216665664886031	0.5277886009210759	0.4635642915629533	0.35378625370876143	0.40308527711843817	0.3589208660408421	0.3472167418434213	0.4009490287042367	0.40308527711843817	0.4009490287042367	0.38339610494006776	0.565045102415848	0.5380019484600945	0.5297894062674368	0.5509339828190519	0.4586896098196446	0.4260723790216834	0.4986606924954589	0.3641253927185543	0.19183466873801402	0.18457648897734366	0.1830533179151318	0.21555166157553868	0.1957614070543826	0.1948546730537071	0.20886507518315917	0.1908496091298538
BayesSpace_melanoma	0.6972903868506979	0.6428043851741033	0.8574822215902073	0.6696908304973264	0.8529208610492242	0.6330772240632996	0.6429840212767085	0.6291088401733428	0.6642652798511904	0.6006509442049206	0.6053944184027248	0.36370035867530537	0.5399280653865468	0.818822265656127	0.0	0.9970629211226499	0.8199816634261538	0.9126057724907491	0.8983872591731322	0.524531536777667	0.5267405724047607	0.33639483675618387	0.577491939604021	0.5371926151216906	0.3231766131753801	0.3961583978606921	0.3995904073032972	0.40303766189804796	0.3872510360318832	0.5531883326620309	0.38520010988506265	0.4423535268393206	0.36525301100323093	0.6318973197279896	0.5112358578430299	0.6296964196066577	0.5871407044459995	0.5384064139244731	0.6355102493380319	0.6031410124741451	0.5265456209448208	0.3598968574578709	0.4389730894941079	0.37077529282515204	0.3586489093846261	0.41811252466507465	0.4389730894941079	0.41811252466507465	0.3850831149670925	0.5795324344231206	0.601376587121468	0.5420778965922307	0.5938241735018088	0.4592198535244216	0.3946163163542881	0.5942957416512193	0.3975283510241639	0.18634875551847774	0.165144792821684	0.1826833532158682	0.20783461658457367	0.1840852655205253	0.1714716754514919	0.192176263703351	0.18828966768517216
BayesSpace_1	0.6979070267852326	0.6442087288461948	0.8573854812883944	0.6711165544632469	0.8527569136262076	0.6355025420258058	0.6440324036485202	0.6302119182790328	0.6656768728898199	0.6015588177529883	0.6060062785244912	0.3634326683264624	0.5401144620351721	0.8180463532851129	0.9970629211226499	0.0	0.819212122191839	0.9139087367776498	0.8981371080092388	0.524081906315854	0.5265065104252904	0.3359204845340304	0.577913209606153	0.5364227018305816	0.3225480945327682	0.39629788895607987	0.40034210392673264	0.4037967909656542	0.38714385875504514	0.5541996076962817	0.38593999140681456	0.4432200313510571	0.3653212056843157	0.6320925906466665	0.5111684600747317	0.6285414770375263	0.587273725421145	0.5392633434828393	0.6354550255461133	0.604260508624379	0.5273698777446277	0.35949023991172024	0.4385750790712391	0.3704172489586851	0.3582373483980702	0.4172585437525017	0.4385750790712391	0.4172585437525017	0.3847961135492117	0.579784340706329	0.6025862622737572	0.5424246068920416	0.5949742820411702	0.45809126076757756	0.39465274748084245	0.5932356986070709	0.3982316779454837	0.1862341941956122	0.164996696382355	0.18239604454366212	0.2076299295841203	0.18387582219965598	0.171310461880939	0.19195948759657927	0.18817705204985055
BayesSpace_scc	0.7344538061251255	0.6265654985102314	0.7491542926644011	0.6665007978134955	0.7479400234886272	0.5519120810020566	0.5574960829712697	0.5511589511336481	0.6020045608863862	0.5478194713190652	0.5267950675254273	0.34279158010787536	0.560399228339765	0.9966834123415813	0.8199816634261538	0.819212122191839	0.0	0.7964835921745317	0.7824796071969319	0.4192603090217532	0.42707889024958495	0.3010529263754102	0.5483152824239356	0.5081671844860739	0.28987402946902197	0.38486599314026276	0.4011768331454209	0.3980410752869597	0.37764020854138697	0.5322136812705656	0.4266791658961118	0.49366728599716336	0.36538401514423363	0.582517463035474	0.4103300246489389	0.5536095185883938	0.5705165936351213	0.4654143236135748	0.620710173650824	0.5270841214282519	0.462543027000873	0.3533586594939459	0.40362329717389844	0.3585160888262714	0.3467819275299582	0.40139715510816854	0.40362329717389844	0.40139715510816854	0.383138570658771	0.564578906185674	0.5383595244851448	0.5300207145528497	0.5513202792534179	0.4592642796918464	0.42508410978853206	0.4986317297436648	0.3649253179595351	0.19159769209044997	0.18391280329947848	0.1829673065036601	0.21546901084344317	0.19547546559421836	0.1944088770459677	0.20831486006687172	0.19075458366036993
bass_starmap	0.6909858010359833	0.6317760803075569	0.8573432281024745	0.6523167959432524	0.8545107922344327	0.6166318594308429	0.633209017377596	0.6174867078735164	0.6484613821047396	0.601169457116698	0.5908899058903024	0.36161402512200996	0.5307574099016129	0.7964574335395866	0.9126057724907491	0.9139087367776498	0.7964835921745317	0.0	0.9623445682074069	0.5188253217773199	0.5227427377428292	0.3333102858338903	0.5854780273011575	0.5432173028175266	0.31921936430410086	0.403050868394794	0.40792790283519587	0.4106237383247897	0.39502927724359554	0.5507520791866433	0.37187546354835244	0.44914132120211314	0.35889129779678935	0.62037110957208	0.49857244703427717	0.6225285913774757	0.5623439679800913	0.5394289749481769	0.630618063655146	0.5899321299568772	0.5268860282786295	0.3662964789099249	0.45451004904078246	0.3780412602397845	0.3653885387174686	0.4278652452480068	0.45451004904078246	0.4278652452480068	0.390251374180177	0.5783247913185836	0.5885127118512601	0.5410006855179891	0.5840470578606615	0.4488650892642054	0.39744215926185095	0.5897190246250998	0.38850278689171563	0.1921343546595126	0.17168481987756287	0.18826422538151494	0.2144908973897544	0.1890388598528656	0.1789912926326299	0.19926521648567216	0.19478199650479186
bass_default	0.6881409008615563	0.6227876692998285	0.8536767424804358	0.6402791776687792	0.8565926415485774	0.6086482110217821	0.6304170480778805	0.6169858666968513	0.6390826380712256	0.5920223523830707	0.5790799418697088	0.3604929159995232	0.5225308925163824	0.782046504792701	0.8983872591731322	0.8981371080092388	0.7824796071969319	0.9623445682074069	0.0	0.5200533930659113	0.5237711937958832	0.33346398363177077	0.5828414733294608	0.5381344802497777	0.3177686456453386	0.4009308661512774	0.4072980160999887	0.40979948970449726	0.39476905504038695	0.5410396506170986	0.366711449087563	0.4463432944132129	0.35417383573925904	0.6048864980732622	0.4920417083133816	0.617832901186223	0.5513478769137167	0.5323927214571693	0.6193921373044018	0.5757462646022465	0.5189890098639125	0.3718196018177869	0.4607381958529165	0.3833321621704246	0.3709745145418682	0.4336186686830114	0.4607381958529165	0.4336186686830114	0.3948609812492719	0.5737644819187385	0.5815686095684138	0.5350117237529088	0.5768687870408823	0.44753871866998457	0.3959098480737054	0.5891691662246782	0.3919352484583027	0.19356609422496615	0.173272998487875	0.187833773766935	0.21511872684200478	0.18943634261266964	0.17950760568784874	0.20021687090929766	0.1961697059337574
bass_dlpfc	0.4285631219750233	0.5170310290924728	0.5072934546518243	0.5095664474891515	0.5274454274760964	0.6200986435962421	0.6025390335118358	0.6283508818801584	0.552230759362358	0.5698296334341794	0.5582656979056909	0.35872063505734847	0.47500339151592474	0.41916129347522546	0.524531536777667	0.524081906315854	0.4192603090217532	0.5188253217773199	0.5200533930659113	0.0	0.911900789020475	0.4616399391533944	0.4544081371246683	0.4341583873139928	0.42853318269318164	0.4224217343201951	0.3836765148935502	0.3982239890043291	0.41945555443745874	0.5564856171873037	0.37918005903559454	0.2666906538279582	0.5203622750838369	0.6051974259951122	0.7611030976994465	0.6419430166886333	0.45002163990678523	0.6261153098479668	0.5322176981668646	0.4835202588196233	0.6182406100031065	0.30090133838267186	0.2945196274085642	0.3206303425718871	0.30549737419286976	0.27902681760303216	0.2945196274085642	0.27902681760303216	0.33940043372114587	0.5593083595979113	0.5746952798942552	0.5750644156751425	0.5824432867745775	0.48615173884605756	0.4867056958112978	0.6808639963968174	0.45964974781464774	0.18983058680741274	0.142562883250554	0.14264357244626602	0.16116013246807115	0.14298505493918365	0.134011161503783	0.15391789413694765	0.17677478428266374
bass_1	0.431077251430998	0.5133766982941004	0.5211373478853103	0.5111344806493909	0.5427849385068777	0.6149971930008213	0.6020578619996432	0.623130532114187	0.5560683712816462	0.5686401820635499	0.5524914224188471	0.3484079960009408	0.4751162663061208	0.4268658512972734	0.5267405724047607	0.5265065104252904	0.42707889024958495	0.5227427377428292	0.5237711937958832	0.911900789020475	0.0	0.4522707777857219	0.44073425948933276	0.4215967307304121	0.41875856904876574	0.4201084397886621	0.37964128104290557	0.3931143216102938	0.4148591496011761	0.552649102368422	0.37890788913496415	0.2732383960488329	0.5079026600185204	0.6101991647698928	0.7305874671947573	0.6500479172511332	0.4570152918721665	0.6068291675507933	0.5436933336887195	0.4896911650556829	0.6002219908532486	0.3022349856777714	0.30846951388716	0.32048413815843607	0.3063387517942319	0.29190837738848496	0.30846951388716	0.29190837738848496	0.335150960549793	0.5634533701043513	0.5780789069310049	0.581515034045054	0.5835404312738616	0.4869461111027879	0.4821133816912928	0.6655920678807549	0.4636885023807897	0.1914920072140693	0.14553466848349828	0.14433232295342555	0.16257503852049826	0.1455945562568036	0.13795731277467707	0.1575543909782306	0.17819518151694905
spaGCN_default	0.31408333923361414	0.34563170156192885	0.3238568218544437	0.3475645000044983	0.32485708028350707	0.4259384644051856	0.42195749320517173	0.4351066394689665	0.38975595800937207	0.38768152380091137	0.3752994772789604	0.3693092646581911	0.34257007268979145	0.3008779111267897	0.33639483675618387	0.3359204845340304	0.3010529263754102	0.3333102858338903	0.33346398363177077	0.4616399391533944	0.4522707777857219	0.0	0.34687076061038613	0.33559530867494247	0.7852653675999546	0.3056863014293945	0.29791896113192723	0.30143177045929304	0.3046018923371968	0.38461921333113525	0.227916394132265	0.19584555824220712	0.3401116275148815	0.4161285341180167	0.43927956802753415	0.4451354156682069	0.30591266987726035	0.4041468144820048	0.3494985312507368	0.30129905175769944	0.3992455842050155	0.27803493180265204	0.2372387917495763	0.2942798213836117	0.2847461597008834	0.2338502610565223	0.2372387917495763	0.2338502610565223	0.29110329505767324	0.3882608919143861	0.39384051515064294	0.3838787784411193	0.3923497323373363	0.31281567497230606	0.3244473454366206	0.4295530517747003	0.29343303369906915	0.1662128925097215	0.13698270824637968	0.13237989592018495	0.14843594657532488	0.13349230274898757	0.13220085015401334	0.1397015905003926	0.1599527525834599
spaGCN_2	0.544736724437767	0.47937811955329845	0.5314129824660769	0.4838270206014447	0.524617424830862	0.5033551318553373	0.4954192430583047	0.5117784667279497	0.5126061282908465	0.4661720825907761	0.5163090582584138	0.3053500411567081	0.4633564736781767	0.5486893262583574	0.577491939604021	0.577913209606153	0.5483152824239356	0.5854780273011575	0.5828414733294608	0.4544081371246683	0.44073425948933276	0.34687076061038613	0.0	0.8490306610814606	0.3346034004240804	0.3007939861265479	0.31967577117372736	0.3249736162428809	0.2965399906331056	0.4394397773760003	0.27174593990030593	0.28274315701485814	0.31249822224267326	0.502555839354111	0.43515564610434193	0.5092316835970557	0.4060135441709932	0.4348437448551962	0.4713798391274826	0.4710207430860497	0.43172321518319134	0.24760240016535445	0.2780359268989531	0.26035770814479847	0.2484451867543345	0.26132574570061756	0.2780359268989531	0.26132574570061756	0.2788727594939864	0.4796052220029357	0.4673966199446258	0.45623300279696805	0.47051259261984024	0.3631648508584949	0.33653350518775593	0.4758965231857092	0.29859103349845073	0.13616499001413424	0.11745506721393136	0.10818899967475266	0.13516810757641629	0.12263663116376182	0.11921203036235177	0.13289447881353839	0.13678410801692073
spaGCN_3	0.49710093202646144	0.44003847309470895	0.49770647323262973	0.4389600403707288	0.4803362136634983	0.4612067753860499	0.4547805803333427	0.46820439560828137	0.46728816430077824	0.42626032070519376	0.4732384212289333	0.3176671471157408	0.42569367991747376	0.5092462514780889	0.5371926151216906	0.5364227018305816	0.5081671844860739	0.5432173028175266	0.5381344802497777	0.4341583873139928	0.4215967307304121	0.33559530867494247	0.8490306610814606	0.0	0.3353538546766138	0.2930471034361393	0.3111363889247601	0.315607153490141	0.29047358944417095	0.40087304930686957	0.2554102049212984	0.26547208558197494	0.2962026544633309	0.4651199433217005	0.4218848505128958	0.4741168518575255	0.38071811778585046	0.421106623395287	0.4338978723259768	0.439867835444991	0.41946531686362937	0.24753856538664662	0.2671813029480514	0.26177544297930677	0.24834210371575105	0.2498337163351614	0.2671813029480514	0.2498337163351614	0.2801441612721318	0.4326262840357332	0.4255315177893529	0.4119015471336607	0.42496052332366685	0.3286090736038653	0.3074109594121212	0.43689632551753044	0.2767138497608057	0.13380546435963775	0.11254286726268968	0.10310905623420559	0.1297099305621819	0.1190458465746931	0.11343320296826834	0.1269113034940185	0.13075788616490833
spaGCN_1	0.3009492932404708	0.3240408022538762	0.3147735968045213	0.32100867833508073	0.30581938439377176	0.3896504394527326	0.38741633961652994	0.39701908661396934	0.3540530646101073	0.3557818864111876	0.3443356466476657	0.4181764870359909	0.32167685537554197	0.2897938695348579	0.3231766131753801	0.3225480945327682	0.28987402946902197	0.31921936430410086	0.3177686456453386	0.42853318269318164	0.41875856904876574	0.7852653675999546	0.3346034004240804	0.3353538546766138	0.0	0.2955543377907071	0.2891058224718645	0.28954190376755773	0.29405277942284547	0.35342377738915515	0.20824911705469462	0.1817918990427189	0.3093995639908657	0.38518354615172556	0.4130107399791283	0.4148840625871902	0.29250608410618656	0.37867602056268324	0.3247206238811067	0.2919321581587226	0.377404416744806	0.30005795079697684	0.24222562433146258	0.31566412633522484	0.30700647065710357	0.2381067167991748	0.24222562433146258	0.2381067167991748	0.3072117231347734	0.35648345926522934	0.36002240411272873	0.3503921163572379	0.36081449022334766	0.2862192058594454	0.2931000937971664	0.3912943842190221	0.2657398348568598	0.16683799453897014	0.13354568912198703	0.1330029182263376	0.14733033837867623	0.1350675506790157	0.1293369155097035	0.13814409265194325	0.16023641196268978
stardust_default	0.35496079390116186	0.36213723995468033	0.3877027321613038	0.36834638939130965	0.3802409073493805	0.375250648856159	0.3777773364352712	0.38167195505307583	0.3504983122493216	0.3579959910984445	0.3185807999647527	0.30459195636451264	0.3863728585781383	0.3858366021508465	0.3961583978606921	0.39629788895607987	0.38486599314026276	0.403050868394794	0.4009308661512774	0.4224217343201951	0.4201084397886621	0.3056863014293945	0.3007939861265479	0.2930471034361393	0.2955543377907071	0.0	0.6045570357217889	0.5645575554379305	0.8624622754824819	0.46220865313953624	0.3876866777291635	0.3402110297441153	0.462524955601762	0.39440024387051015	0.47211402904631933	0.3830534244662623	0.4210121930438474	0.38998520496954237	0.3864609111165213	0.3492430772256454	0.3864628383269749	0.36344297664144615	0.3347996550428962	0.3691357420566658	0.36433586833625003	0.33338985665444326	0.3347996550428962	0.33338985665444326	0.3838322962597457	0.4000214340296898	0.40752119469731646	0.3772064266952837	0.3998576989441406	0.3842136707360102	0.3308440211091186	0.38260059672981744	0.31657529724153505	0.24297831528703198	0.211651621141658	0.19291403151583397	0.2469724007580601	0.21389458099595685	0.20926945328783608	0.2354642123792905	0.24295437229660882
stardust_tutorial	0.4285409174008355	0.32480047897420256	0.38994454422535074	0.32302099956192265	0.3911208371217459	0.33292602381369335	0.32867732272076655	0.32816264585974875	0.31867498901846114	0.35710617746051804	0.2790720383102406	0.3191430252032839	0.34327784909307985	0.40204560534481254	0.3995904073032972	0.40034210392673264	0.4011768331454209	0.40792790283519587	0.4072980160999887	0.3836765148935502	0.37964128104290557	0.29791896113192723	0.31967577117372736	0.3111363889247601	0.2891058224718645	0.6045570357217889	0.0	0.9197420412042274	0.5965143337708562	0.36191791372897203	0.2929151635989793	0.4671012223922383	0.43012493086538034	0.3285704019419986	0.3970375574592888	0.3340727789253992	0.34320781059037003	0.41766505099769835	0.3124347886548402	0.31093567839037267	0.4143097354623734	0.30142490722650367	0.28656086090490396	0.3074419677530944	0.3041268968018075	0.27518053518175617	0.28656086090490396	0.27518053518175617	0.32441688558849774	0.33873175635421277	0.343945985639757	0.3452723918298048	0.3364555570655895	0.2986858613297581	0.29684013021776817	0.32454707665731597	0.269414365465933	0.20208233345980736	0.18159060508065908	0.16323906170060037	0.1967447653774896	0.18680625086425157	0.17540747439127194	0.1995217107137674	0.215312452113025
stardust_2	0.432524830737158	0.32886236863010376	0.38729256764152636	0.32693901125495056	0.3932270075678915	0.3445472612697814	0.3388471646831196	0.33839430306887247	0.326876218578718	0.3673121265104205	0.28611046982476823	0.316640824146148	0.3503489398721394	0.39888696010998936	0.40303766189804796	0.4037967909656542	0.3980410752869597	0.4106237383247897	0.40979948970449726	0.3982239890043291	0.3931143216102938	0.30143177045929304	0.3249736162428809	0.315607153490141	0.28954190376755773	0.5645575554379305	0.9197420412042274	0.0	0.568230601729114	0.36706064229822205	0.2881394832873878	0.46219680948024894	0.4519919856446664	0.33330580673162974	0.411384531630739	0.3413964421297412	0.34490901357693154	0.4354470928455028	0.3155820490807993	0.3143861151128803	0.43280393394636796	0.28580368728918243	0.2738641769219247	0.29148335463946107	0.28773733548237707	0.2624265475498305	0.2738641769219247	0.2624265475498305	0.30778428132925034	0.3481619266303397	0.35344237868188605	0.3546086078607265	0.3446567745210156	0.29599253903475986	0.30130282499331285	0.3297902867218739	0.27732689984886594	0.19274279731750735	0.17847238192685755	0.15450396645629905	0.18576541135226265	0.17260274098492123	0.17009506845778677	0.19265049463822517	0.2045440617459828
stardust_1	0.3542556791905512	0.36245868629183536	0.38387390849060526	0.3642770812020791	0.37606636364525176	0.37226228406847334	0.3755820834296343	0.3780861025170232	0.35108976427173394	0.35344448097383013	0.31189492576140637	0.30471032753934274	0.3793204100999713	0.3786085467286181	0.3872510360318832	0.38714385875504514	0.37764020854138697	0.39502927724359554	0.39476905504038695	0.41945555443745874	0.4148591496011761	0.3046018923371968	0.2965399906331056	0.29047358944417095	0.29405277942284547	0.8624622754824819	0.5965143337708562	0.568230601729114	0.0	0.4643366066315068	0.38445258915124014	0.3447662761105245	0.47099768270279824	0.3885047944425716	0.46743105256050094	0.37337826416820785	0.41309945997089836	0.39190181355122744	0.38281646876854647	0.3466259669638601	0.3890981053062295	0.35587681970422924	0.3286004050414251	0.3612493937353853	0.3583945359701908	0.32099717131119065	0.3286004050414251	0.32099717131119065	0.3776722695024588	0.39799683947097136	0.4005294691212628	0.36854456670426516	0.3938148234373835	0.3850598751112286	0.32918473181138874	0.37756189496939274	0.31993367146222634	0.24300542674053943	0.21287769099055281	0.19527112213340306	0.24674670478816652	0.21610456820880047	0.20907004859994527	0.2348341037084668	0.24342477244814778
SpaceFlow_default	0.5210425267721643	0.5761305409124582	0.5096575667179669	0.5900762425735858	0.5230379701721279	0.6447455553009045	0.629643111386892	0.6586282036392949	0.5828623802552587	0.5701285442950875	0.5615245162402716	0.3077938812962357	0.6726680028905836	0.531981366164734	0.5531883326620309	0.5541996076962817	0.5322136812705656	0.5507520791866433	0.5410396506170986	0.5564856171873037	0.552649102368422	0.38461921333113525	0.4394397773760003	0.40087304930686957	0.35342377738915515	0.46220865313953624	0.36191791372897203	0.36706064229822205	0.4643366066315068	0.0	0.5444159607772576	0.36484479908785983	0.5945650332453778	0.6778266849482469	0.5860467218478076	0.6212421504371992	0.5868769510232369	0.46492818219121845	0.5966106110095201	0.6007027589927603	0.4587565168740223	0.3052802092878545	0.3565868842886303	0.31840274763049387	0.3045057300354548	0.348560659015265	0.3565868842886303	0.348560659015265	0.33635255044517476	0.7055768338604663	0.7169424168177282	0.6765987799896959	0.70894504979835	0.6286149837791007	0.5509599289733483	0.6269437195823079	0.45533172921513254	0.21601629881648565	0.19276947000764344	0.18543764000595925	0.21755336643780177	0.18242769012086107	0.1899711165031457	0.20476406160290306	0.2069275279036239
SpaceFlow_2	0.3621407519780302	0.38861732324509474	0.3665552760448781	0.4032785103851451	0.3766453930074933	0.4033254239577679	0.3950921562068825	0.4158376637215283	0.3905364858598097	0.3446753227696655	0.36962095278819673	0.19394995522248215	0.5014735428783895	0.42654448291275926	0.38520010988506265	0.38593999140681456	0.4266791658961118	0.37187546354835244	0.366711449087563	0.37918005903559454	0.37890788913496415	0.227916394132265	0.27174593990030593	0.2554102049212984	0.20824911705469462	0.3876866777291635	0.2929151635989793	0.2881394832873878	0.38445258915124014	0.5444159607772576	0.0	0.5525129703859963	0.4868231590914739	0.438194410765794	0.4175882371035421	0.3939725478258932	0.39751238611517214	0.2633030326379216	0.4196506926362117	0.4448905413200758	0.2642696749288606	0.2433919171945869	0.26571428014947873	0.2451141976838339	0.2365638976365342	0.277798882490043	0.26571428014947873	0.277798882490043	0.2566152281493499	0.47241414461391507	0.49343338150822225	0.4452484825410934	0.4887909811580647	0.5416366979055117	0.4444066191763257	0.4220149391106678	0.3528457167849999	0.18925366145978278	0.18531147828218364	0.16472039308535955	0.19613277293702952	0.16910391810842546	0.1882633940211887	0.196062604318569	0.18189340655780847
