	label	GraphST_default	GraphST_2	GraphST_dlpfc	GraphST_1	SEDR_default	SEDR_2	SEDR_dlpfc	SEDR_1	STAGATE_starmap	STAGATE_default	STAGATE_slide_stereo	STAGATE_1	BayesSpace_default	BayesSpace_melanoma	BayesSpace_1	BayesSpace_scc	bass_starmap	bass_default	bass_dlpfc	bass_1	spaGCN_default	spaGCN_2	spaGCN_3	spaGCN_1	stardust_default	stardust_tutorial	stardust_2	stardust_1	SpaceFlow_default	SpaceFlow_2	SpaceFlow_3	SpaceFlow_1	DRSC_default	DRSC_FindSVGs	DRSC_all_genes	DRSC_FindVariableFeatures	precast_default	precast_dlpfc	precast_1	precast_BC	seurat-louvain_louvain_3	seurat-leiden_leiden_4	seurat-leiden_leiden_1	seurat-louvain_louvain_1	seurat-louvain_louvain_4	seurat-leiden_leiden_2	seurat-louvain_louvain_2	seurat-leiden_leiden_3	CellCharter_default	CellCharter_2	CellCharter_dlpfc	CellCharter_1	BANKSY_starmap	BANKSY_default	BANKSY_github	BANKSY_dlpfc	scanpy-louvain_louvain_3	scanpy-leiden_leiden_4	scanpy-leiden_leiden_1	scanpy-louvain_louvain_1	scanpy-louvain_louvain_4	scanpy-leiden_leiden_2	scanpy-louvain_louvain_2	scanpy-leiden_leiden_3
label	0.0	0.40739013112219213	0.3882577435513844	0.4002077924423088	0.4476532354439178	0.5119664168018849	0.5091932611522628	0.5243310691680206	0.5801002807356458	0.4538936168465299	0.39546712021839786	0.30116912148068986	0.3872032697074334	0.3902748705686272	0.40628700019746555	0.4062624507636108	0.38941461991795334	0.3813268025090057	0.3916873273296078	0.5270582118528603	0.5141787233217047	0.4619638727685297	0.34406262186057324	0.3348817139429212	0.443542968497865	0.23649511133325538	0.1820360989959614	0.1366436106688361	0.22038189319943124	0.29408841936507246	0.2356386150874423	0.18879158364708212	0.3207653764307977	0.3571961286446234	0.36541626876718497	0.5167598852204434	0.3252764566051017	0.3492259588283841	0.343047292180114	0.30000746554513097	0.3453814242393337	0.2445997498807274	0.23790381813375394	0.22829418690323736	0.2421619992865544	0.23524890899041156	0.23790381813375394	0.23524890899041156	0.2422177997278012	0.3917825042714769	0.3956577625070147	0.48265808726565085	0.40275931227110584	0.3869461870440323	0.4356928227324696	0.4570057389697795	0.43557739768189097	0.18489848880519075	0.14968482054402904	0.19086769732267175	0.19866462316007813	0.1451392859241485	0.1607203316038625	0.1487298065724093	0.2002762927048417
GraphST_default	0.40739013112219213	0.0	0.5460073776239412	0.7577345330675752	0.5395751148783888	0.6613958681689827	0.6101930545293206	0.5214087174269684	0.5917292519041463	0.5555912119670388	0.582723328552851	0.28865362794828775	0.36561418604291773	0.5848789664439344	0.5569633702834201	0.5605183685613662	0.5841048312234911	0.5625836361153735	0.5890717320614054	0.5305443202808776	0.525468076161077	0.5074419716561752	0.4693481993705231	0.43893396867620915	0.4747823668223754	0.29372098365885285	0.2111009595744096	0.19944067455030887	0.282836794686698	0.3767895082477053	0.24482788970648878	0.24180902808857682	0.36565247766054354	0.6131016784009161	0.6174300262188059	0.5996646281480722	0.571563212984653	0.6940609516255072	0.6586359254167669	0.45691931967994115	0.6912750019760115	0.3117981257711846	0.2870207012131307	0.28890949017922185	0.2955749960333455	0.29485555030573857	0.2870207012131307	0.29485555030573857	0.30976434617979054	0.4812920715382331	0.41397266429704477	0.3749493542356149	0.502838872787902	0.28265761140031276	0.4225200132212874	0.40068009751722605	0.3663447142268129	0.24053592139405588	0.1988168391777664	0.2531624397667118	0.2420869175296479	0.20224005691508878	0.21942375941898692	0.19943118747069952	0.2639672344901814
GraphST_2	0.3882577435513844	0.5460073776239412	0.0	0.5247983688123491	0.5832875365731925	0.5300144492210613	0.49427412950655103	0.4141495998706205	0.5273719604343767	0.4968953598600921	0.47233386477881695	0.2994826924992846	0.3601663544704123	0.49015148403737985	0.44746130935149586	0.4481804455297286	0.49005443578408153	0.5471565087350176	0.5418827915113106	0.4633843475649592	0.4682933287556633	0.48505141891754217	0.44340093260559077	0.4142043298908916	0.4625866729171357	0.29143576678153454	0.19972943731469436	0.19905886649565274	0.28334687955698595	0.404119724014576	0.3020985906235106	0.2559390735184736	0.3926420914869587	0.5327434854009497	0.5126871280387368	0.5201654647938171	0.4602339903562142	0.5009614515584545	0.5200567062843506	0.39324133279808715	0.49865765599217493	0.33084174545170775	0.3065287703140675	0.2774225145713207	0.29164487154139657	0.30245216615397913	0.3065287703140675	0.30245216615397913	0.3290119347026315	0.4445497455238369	0.38473834524996325	0.3875768251131333	0.4511029000629101	0.3094829494877217	0.4334953430689365	0.4105142434742844	0.4042430050259045	0.22999495252802263	0.19438724180629718	0.23945812494780078	0.22996832764390027	0.1938686388711931	0.20629111742818937	0.17854587706035233	0.2472855392152536
GraphST_dlpfc	0.4002077924423088	0.7577345330675752	0.5247983688123491	0.0	0.6049287284967086	0.7048769544457377	0.6715214688540141	0.5618336832698478	0.6128880999062674	0.5992581777599025	0.5961936075550641	0.2842875763581007	0.3715631029489507	0.6165868329756974	0.5744300146978486	0.5766348594922174	0.6144381953918795	0.5760516223042466	0.6128065027337266	0.5338161014374565	0.5288232769201331	0.50376455655573	0.48448165558663575	0.44181560978034945	0.4636464232023169	0.28888999780461005	0.22743344234094212	0.2196422903197809	0.2801730659824312	0.395434722779476	0.2558898145686097	0.2628713596542828	0.39718133249408205	0.6228170288614606	0.6421516022897354	0.6101615415265544	0.5748573310084015	0.7659005093104037	0.7146556587240256	0.48331918809064106	0.7625258005371955	0.29032566125201825	0.27844900289393715	0.26997388954703583	0.2739431625187366	0.27664351989458086	0.27844900289393715	0.27664351989458086	0.28869337450216154	0.5049136391207026	0.4261283263940669	0.3914266948120546	0.5373792884071201	0.28157348362311363	0.4325462128498426	0.41157962381872476	0.37030914214685523	0.23138982278125453	0.1847238170477153	0.24830764826421786	0.23276862743090942	0.18936861107566608	0.202074302095015	0.18315399759186166	0.2580963828704148
GraphST_1	0.4476532354439178	0.5395751148783888	0.5832875365731925	0.6049287284967086	0.0	0.6039775578437214	0.6030651308396657	0.44367738499336956	0.6292231162773458	0.5581375256611119	0.520804743360231	0.2549133122904039	0.3771835072099701	0.552851170288192	0.4708849930589325	0.4715678367626539	0.5520088857206573	0.6151552013024775	0.6148858070539801	0.5155279887287831	0.515015214427057	0.4768297421293011	0.45735034687173426	0.41385418950689923	0.44152278832594927	0.31116831040429643	0.23734898590105843	0.23066911349609637	0.30386289461577237	0.42628489855057555	0.33266094442619043	0.29194367378862074	0.43616038458187945	0.5521333907746898	0.5630193105725312	0.5799965346968806	0.46805313461703346	0.5347369502143674	0.5554495278753765	0.39184344542861077	0.5324128889012006	0.299445691535882	0.2938176976648695	0.25948159153198574	0.2741550898077656	0.2851421501624039	0.2938176976648695	0.2851421501624039	0.29754369156271016	0.52593628159668	0.42767148267924887	0.46167034697593523	0.5384406800286013	0.3361352402615469	0.499212886839802	0.46418653673532284	0.47405913297128316	0.22719250375362268	0.19514607789617586	0.24170224953294384	0.23153582983927853	0.19353996501246665	0.20662133374121816	0.18243123819011264	0.2477405194973138
SEDR_default	0.5119664168018849	0.6613958681689827	0.5300144492210613	0.7048769544457377	0.6039775578437214	0.0	0.6997696533274703	0.6202214941875757	0.7210876468995815	0.5296911561510219	0.6011001784454453	0.3494412656639522	0.4852512775175813	0.6253820881497705	0.6350956688938867	0.6356195154020793	0.623424621883575	0.6248099902978901	0.6403463492333084	0.6891731625310903	0.6797711892080651	0.6261898722922759	0.488927872420711	0.450090522230499	0.5841296190634689	0.2897790568021335	0.2059119491434474	0.179525835592113	0.2799148637701429	0.40391801125360693	0.2583359580611603	0.2530257867967779	0.40494531469676853	0.6256927089831824	0.6493909671343925	0.7458894837606795	0.5088690887801077	0.6587021740918901	0.5986822602392432	0.3892352020208011	0.6565300576958403	0.2988198044107271	0.284269196288392	0.27052760518554314	0.28106269333964085	0.2787832671723026	0.284269196288392	0.2787832671723026	0.2961179391559844	0.5077389976122074	0.5304832217832416	0.372714627151293	0.545142983003591	0.4340184846703462	0.5497226548857725	0.5855539781442111	0.5106546123085782	0.21837436864151114	0.17877164220484668	0.22239987415804296	0.225515527404576	0.1729328334018263	0.193698569256613	0.17616303303975403	0.23307846870194257
SEDR_2	0.5091932611522628	0.6101930545293206	0.49427412950655103	0.6715214688540141	0.6030651308396657	0.6997696533274703	0.0	0.5458303957827819	0.7298062701728842	0.537280975234091	0.5927368712354432	0.3416680003225164	0.4239733008179808	0.5896083637265853	0.5405137138342045	0.542266262319088	0.5875548262073501	0.540613735289172	0.5732109475460674	0.5897043799163335	0.5953959591961514	0.547401431284012	0.4412381761823561	0.408273010055831	0.5066531581658401	0.2744514510082689	0.2023116802975043	0.17823955708504016	0.27137577761210047	0.3343968456251991	0.2457183086853718	0.2614767776170071	0.3441580367735765	0.5100866530927686	0.5470763832846455	0.6603201193035179	0.49486857205064744	0.6305853669581843	0.611982358119194	0.41121282565856815	0.6274375739754928	0.2667895810049772	0.2556320315525925	0.2339141465575524	0.24659946324995943	0.24619907741200342	0.2556320315525925	0.24619907741200342	0.2655325408164088	0.5067934669160311	0.48423049335409113	0.4004111362823613	0.5370217713317805	0.39507989634890756	0.5370165750588045	0.5108039414885671	0.4759722299252087	0.20952214340052508	0.17763554923674804	0.21665482545188322	0.22260294019168547	0.17157722778269388	0.19126159008703836	0.1767799167561838	0.22391820395003748
SEDR_dlpfc	0.5243310691680206	0.5214087174269684	0.4141495998706205	0.5618336832698478	0.44367738499336956	0.6202214941875757	0.5458303957827819	0.0	0.5201999133721735	0.5068812482158556	0.472285037825231	0.343639457082809	0.4372854686892531	0.484775461589387	0.6054924108591445	0.6055262829944981	0.48426501615732515	0.4385884156032725	0.42674876149509394	0.614981258460847	0.5711713799110155	0.4975577641008873	0.3817191858203182	0.36743093020279294	0.4733367969549221	0.2622693905782498	0.20063367013298272	0.17837010399233322	0.2557487066245401	0.36447122812154925	0.23865459347839874	0.24022599299882189	0.36967909072941874	0.5024620292841453	0.5132789921447442	0.5599182546474493	0.4566545422946961	0.49521818501242915	0.4745728951306292	0.3898231266718742	0.49602111060639553	0.26049344196416874	0.24738941632202013	0.23157604326242084	0.23866625699763694	0.24056925154940537	0.24738941632202013	0.24056925154940537	0.25906719767676856	0.43528626790702846	0.4844053458230213	0.4035284580705203	0.4634767552112428	0.38327553799581426	0.44160206782504474	0.46043914213630216	0.43355450967816017	0.19288484353569238	0.1577737435653284	0.20111661708268636	0.1977772754443246	0.15578945988119342	0.17237767003861315	0.15789417532428518	0.20728928568511207
SEDR_1	0.5801002807356458	0.5917292519041463	0.5273719604343767	0.6128880999062674	0.6292231162773458	0.7210876468995815	0.7298062701728842	0.5201999133721735	0.0	0.6281430314170854	0.5365382056713862	0.3555648586083607	0.4864595134502227	0.5236745265929855	0.5521899483762298	0.5530049753878803	0.5220934879835214	0.5557755690272207	0.5804747616548777	0.6200887695326884	0.6372521062434762	0.6351455751796207	0.4523680021133651	0.41788906523094127	0.5891877296570276	0.2830961147289061	0.18749704837923556	0.17921101673380807	0.2691669697639318	0.38155613481872663	0.2533585307388182	0.23704225046192345	0.377370468297735	0.5190092518786237	0.4952812401184582	0.6848659034963753	0.4589586653917139	0.5708138887080124	0.5736365707025799	0.3663541244657235	0.5695350863740302	0.2940793349592117	0.27439332866259264	0.2532020374370703	0.2679657761698133	0.26637295169195896	0.27439332866259264	0.26637295169195896	0.29136355035293554	0.490836816084265	0.5036081562429466	0.4182731680241828	0.5012842711564791	0.45591169246377383	0.6504069832161352	0.5660043911899109	0.6230636187618253	0.19802449290204086	0.17100910873931371	0.2085142793363701	0.2101746251099968	0.16270520103989325	0.18209619007869432	0.1626144251799341	0.2145915172857785
STAGATE_starmap	0.4538936168465299	0.5555912119670388	0.4968953598600921	0.5992581777599025	0.5581375256611119	0.5296911561510219	0.537280975234091	0.5068812482158556	0.6281430314170854	0.0	0.4940075367851022	0.27308718329756265	0.3449939407391769	0.4629667899095388	0.499902666055468	0.49944626943683457	0.4617220461383631	0.5135144057582229	0.5242517078277978	0.4923003585337384	0.4914943926189844	0.5125688668792301	0.41564431734136437	0.38123483407210146	0.4771543405888865	0.26546437272360607	0.18879630435530856	0.19317538946841667	0.2553715503308964	0.35888534437561165	0.25606394491908835	0.23593447779358045	0.36353385917352243	0.4936717537198788	0.46257740274339226	0.5409980726859271	0.4342638715236991	0.5467690967607494	0.5463697280442982	0.3821557825374162	0.5460541092509377	0.27625649231752164	0.25700626195094495	0.24099537642570965	0.2509244549878756	0.2537466831715769	0.25700626195094495	0.2537466831715769	0.27453508142821914	0.47383048139300976	0.4331277690467977	0.4649055677294949	0.47272523090440205	0.30816699797186003	0.5257074347319413	0.39634355694843165	0.4640430128330924	0.1980088712767814	0.1616991057077147	0.20560147645329002	0.2064550080850354	0.16302603447033825	0.17471789755965933	0.15987671843494702	0.21375084885960524
STAGATE_default	0.39546712021839786	0.582723328552851	0.47233386477881695	0.5961936075550641	0.520804743360231	0.6011001784454453	0.5927368712354432	0.472285037825231	0.5365382056713862	0.4940075367851022	0.0	0.26787025396973413	0.3946693593210396	0.7550725863828082	0.5265211929515365	0.527913825678933	0.7546967599611818	0.5667166803315992	0.5764363485457772	0.5589357731084881	0.5860125223603425	0.44941794485953124	0.41685489044798435	0.38685905770451856	0.42355042461690273	0.276406074158402	0.2369659321606737	0.2530354511263453	0.2713213462488111	0.47116975530200245	0.37477887636313467	0.3412787946485365	0.4490946102798529	0.5907440145055618	0.584212212130731	0.6246268124256713	0.6143633187638714	0.5666870115385355	0.5591623311842121	0.4711347855584914	0.5677545316009667	0.296172580422941	0.29158888759971546	0.25962006500094187	0.27711413896697784	0.2782455818785301	0.29158888759971546	0.2782455818785301	0.29557072017860125	0.6351716783622996	0.5384140950034252	0.37749434028755763	0.6970612827767393	0.3596433421071647	0.4045831853772248	0.48446596134155195	0.4846422485809098	0.2487133183068196	0.20534233154125622	0.26222958965129456	0.24655359166995044	0.20747889346192308	0.22009835879051307	0.194492856859933	0.27506320981608456
STAGATE_slide_stereo	0.30116912148068986	0.28865362794828775	0.2994826924992846	0.2842875763581007	0.2549133122904039	0.3494412656639522	0.3416680003225164	0.343639457082809	0.3555648586083607	0.27308718329756265	0.26787025396973413	0.0	0.34979738416474254	0.29234055074459087	0.3957661419240677	0.3968983753160529	0.29246934907030425	0.25183208244689315	0.25116365527525514	0.383599750896549	0.39059725147950175	0.38879723346539763	0.30043065163601806	0.3211819951055109	0.406157202661761	0.191886509480289	0.11346533564292068	0.13266572761572865	0.17499159500691255	0.21580030599071376	0.17128186013557117	0.15865684355554915	0.2261622302085464	0.26580236022791076	0.23191282847631542	0.3686536727225012	0.30168092742415514	0.27129841352460465	0.33247200431892016	0.30733373037265976	0.2723566119790089	0.2997743375332139	0.2875386141959571	0.25722387215178316	0.2760096819875978	0.27469007459762945	0.2875386141959571	0.27469007459762945	0.2990588124255672	0.25780996804783235	0.3326272236522695	0.231787964508426	0.2636833866233466	0.32180405773818105	0.3335137093449925	0.3439406432071657	0.3427829792399165	0.15339839689300636	0.15292311474299192	0.19165069607707858	0.16679530831117065	0.14427831303033187	0.16180849851510462	0.15183034275444646	0.19326530152708904
STAGATE_1	0.3872032697074334	0.36561418604291773	0.3601663544704123	0.3715631029489507	0.3771835072099701	0.4852512775175813	0.4239733008179808	0.4372854686892531	0.4864595134502227	0.3449939407391769	0.3946693593210396	0.34979738416474254	0.0	0.449174111990887	0.5066288587159047	0.5046535070005245	0.4489785783890765	0.39962265366715943	0.3843732393109569	0.48229293279077035	0.499271080132289	0.4669818955938577	0.3834714680966895	0.3521039918457592	0.44712322194980425	0.405686412043127	0.31872825516392017	0.35434762240359313	0.3985439799028932	0.510677408194889	0.3634636290037029	0.3866224341631599	0.5574721640497478	0.37492620305926466	0.338419321939081	0.4570749554290697	0.4442180433368432	0.33573639268588834	0.3805266185602096	0.3516549628135278	0.3319371514114329	0.31961542005341453	0.30888393280679227	0.2867457008858311	0.2889556613494983	0.295223492116168	0.30888393280679227	0.295223492116168	0.31858382314940065	0.40321019092541643	0.5554162066605481	0.3233139752439928	0.4063917596034834	0.6410912431606224	0.5576592521736897	0.5956032166141545	0.600997689459208	0.25667667429223695	0.2405248280022848	0.2768428358047253	0.2668360762427298	0.2331198206759816	0.2450803032519273	0.22128769241572732	0.27778559939713243
BayesSpace_default	0.3902748705686272	0.5848789664439344	0.49015148403737985	0.6165868329756974	0.552851170288192	0.6253820881497705	0.5896083637265853	0.484775461589387	0.5236745265929855	0.4629667899095388	0.7550725863828082	0.29234055074459087	0.449174111990887	0.0	0.5878150214893318	0.58956139143355	0.9962103653187583	0.5867653136765018	0.5645958983873722	0.5780182019680089	0.597355888709598	0.4567950502309167	0.4737950723846801	0.4388003825340661	0.4312412029888998	0.3058118921974956	0.2582615859016897	0.2881440833221303	0.2934410573634158	0.5210551882017039	0.3958130770425693	0.3595774013033565	0.5393919510592767	0.6057203478073678	0.604352056615037	0.6183629999847442	0.6588244342763728	0.5689489938327129	0.5854972565720739	0.4859344444445249	0.5677158299924715	0.31993852849675053	0.32056208458079405	0.28031650919408063	0.2951990616823354	0.3059498934276615	0.32056208458079405	0.3059498934276615	0.3209493316282845	0.6546408318190166	0.5552954722989344	0.3901373442141117	0.7177050929434633	0.3964774503935582	0.4072191585006352	0.5245121488121282	0.4970286072613536	0.26014068804587287	0.22007373135588293	0.2879313372910059	0.2663666007319716	0.2225666286294402	0.23552939424172403	0.20626407080360065	0.29808569650805294
BayesSpace_melanoma	0.40628700019746555	0.5569633702834201	0.44746130935149586	0.5744300146978486	0.4708849930589325	0.6350956688938867	0.5405137138342045	0.6054924108591445	0.5521899483762298	0.499902666055468	0.5265211929515365	0.3957661419240677	0.5066288587159047	0.5878150214893318	0.0	0.9918982664479873	0.5875075067071366	0.5192054852867984	0.5047418801155548	0.6556763877132672	0.700339280545147	0.5599003135716256	0.4928453574245752	0.46104896247669647	0.5301097372473687	0.31255199379969845	0.24027018296757147	0.24674472895848248	0.29722257352920095	0.43688666938831855	0.2839751489132477	0.26159074418589534	0.43238703043984095	0.5537484550051628	0.5477797293228487	0.6185748872984969	0.5327685503627936	0.5298773127317332	0.5461677853756641	0.43836967193638915	0.5292605909174145	0.3139413994301282	0.30507088499493534	0.2953388939275906	0.2975686067507065	0.29909541323168937	0.30507088499493534	0.29909541323168937	0.31298808210623813	0.4960590594464572	0.5617376519761299	0.35095918986503294	0.5244189585730659	0.4253093514373632	0.4938702293866518	0.5422622125852813	0.498375511386806	0.23398194234582623	0.20258760957339086	0.24247069738793722	0.2358634348735829	0.1949836452452066	0.22111623131418914	0.2052325534007124	0.2505314917777199
BayesSpace_1	0.4062624507636108	0.5605183685613662	0.4481804455297286	0.5766348594922174	0.4715678367626539	0.6356195154020793	0.542266262319088	0.6055262829944981	0.5530049753878803	0.49944626943683457	0.527913825678933	0.3968983753160529	0.5046535070005245	0.58956139143355	0.9918982664479873	0.0	0.5892528295061957	0.5187318643866646	0.5048044269041694	0.6542994875011053	0.6985483510512123	0.5589352567256624	0.4936775301398206	0.4620605631605915	0.5295181936268112	0.3118974113384816	0.24009644603556285	0.24715824391958274	0.29685209961043757	0.4368565594788405	0.28390577182799254	0.26206173263282445	0.4318723067300291	0.5552254017575499	0.5489742242819533	0.6196020560330684	0.5341344292912535	0.5345927815168545	0.550519902022184	0.44053058139869894	0.5339722259949923	0.3138581051683469	0.30527789459303906	0.2958651431514754	0.2980574002872062	0.2993457664221014	0.30527789459303906	0.2993457664221014	0.3128610041635475	0.4956109213345447	0.5619236719193614	0.3521549742369711	0.5256560609336682	0.42400383375909134	0.49371013992842355	0.5418950327232169	0.4969392718950487	0.23333500831012255	0.20203048546594135	0.24233675290033732	0.2353421449050937	0.19508371218522758	0.22090280207917165	0.20507974712616645	0.25036169442326245
BayesSpace_scc	0.38941461991795334	0.5841048312234911	0.49005443578408153	0.6144381953918795	0.5520088857206573	0.623424621883575	0.5875548262073501	0.48426501615732515	0.5220934879835214	0.4617220461383631	0.7546967599611818	0.29246934907030425	0.4489785783890765	0.9962103653187583	0.5875075067071366	0.5892528295061957	0.0	0.5861162392651657	0.5638908518325906	0.5775097644540291	0.5953052663608885	0.4558595383173991	0.4724090890324446	0.43822397835310944	0.43036204482932666	0.3056416676520045	0.2587649501887346	0.2883010154358579	0.29334096841982665	0.5218988916840176	0.39626800439587523	0.35975637600694377	0.5395805564266568	0.6057304013450568	0.6047821419025101	0.6164658482497104	0.6587533985178259	0.5670760783455433	0.584101863068422	0.4856302538129726	0.5658442565516489	0.3203778715704624	0.32064718228841	0.2803928975325649	0.2953367526199272	0.306020354564598	0.32064718228841	0.306020354564598	0.32140386976067914	0.6547468932576561	0.5543225707908722	0.3891990171309562	0.7163472530400066	0.39630738261716275	0.4065582349290829	0.523964822370506	0.49660359363285606	0.26025036236807014	0.2202249614591943	0.2878629391412909	0.26636531787361906	0.22281943416001168	0.23536981961096504	0.2060847425888124	0.29795652078862034
bass_starmap	0.3813268025090057	0.5625836361153735	0.5471565087350176	0.5760516223042466	0.6151552013024775	0.6248099902978901	0.540613735289172	0.4385884156032725	0.5557755690272207	0.5135144057582229	0.5667166803315992	0.25183208244689315	0.39962265366715943	0.5867653136765018	0.5192054852867984	0.5187318643866646	0.5861162392651657	0.0	0.8475099393182142	0.5451529456024499	0.5546403136649459	0.5246547713162012	0.5148592304351708	0.4594760186511437	0.49084189667081185	0.37637215891506426	0.27167488140717866	0.2700471998478517	0.360641600743069	0.4727974362667799	0.3726216898326695	0.3390349629383709	0.49366536691728263	0.6093570313613504	0.6106907226683416	0.6328332199350196	0.43864907311989304	0.5282702715990866	0.4988664821303526	0.29960999869260563	0.5263644504722307	0.3646002206740177	0.3508387704826285	0.3305341388020233	0.3488465084432315	0.3472165806003918	0.3508387704826285	0.3472165806003918	0.36119946448810175	0.5037028045290873	0.5446751756555073	0.4453264109048119	0.5298594333416276	0.38762207979498947	0.5421214869243408	0.5472230325352948	0.5011949910863739	0.2809367546596329	0.236042081832332	0.2842892084269282	0.29079463899722297	0.23852329962744698	0.2496758529077979	0.22364165977963663	0.29746827152430805
bass_default	0.3916873273296078	0.5890717320614054	0.5418827915113106	0.6128065027337266	0.6148858070539801	0.6403463492333084	0.5732109475460674	0.42674876149509394	0.5804747616548777	0.5242517078277978	0.5764363485457772	0.25116365527525514	0.3843732393109569	0.5645958983873722	0.5047418801155548	0.5048044269041694	0.5638908518325906	0.8475099393182142	0.0	0.5543747962682178	0.5612512511246949	0.5471786581235164	0.5105097870963662	0.45318155721724246	0.5070012863032587	0.3412653238132502	0.24062922008969642	0.25448970561806744	0.32709723862178164	0.46368413025378724	0.3681431165628933	0.32072594814233074	0.4812472281613711	0.5765995880616971	0.5867154878309548	0.6222685830732345	0.4278174874778316	0.5653106201003654	0.5186421688046565	0.296838667059903	0.5634583249714576	0.3564536030244851	0.3423253306366775	0.31991900932562	0.3396053626332969	0.3391108801829057	0.3423253306366775	0.3391108801829057	0.35319748593641115	0.5071159429105866	0.511096667659961	0.4782533463994207	0.5249268389230791	0.37582862193486577	0.5529172509007552	0.541449617887211	0.5071290326922152	0.2601125758896412	0.21879858490289092	0.26560792480587425	0.2694587771735302	0.2201562149883014	0.23252449422563776	0.20623090862826302	0.2802277960332798
bass_dlpfc	0.5270582118528603	0.5305443202808776	0.4633843475649592	0.5338161014374565	0.5155279887287831	0.6891731625310903	0.5897043799163335	0.614981258460847	0.6200887695326884	0.4923003585337384	0.5589357731084881	0.383599750896549	0.48229293279077035	0.5780182019680089	0.6556763877132672	0.6542994875011053	0.5775097644540291	0.5451529456024499	0.5543747962682178	0.0	0.8440871000508985	0.5910077740956879	0.4509567470275472	0.428292091413955	0.5663444568117159	0.2741988113243787	0.19184895898238255	0.18233190027854312	0.2544567456217854	0.3607125025508561	0.26071006976784944	0.2665015503707076	0.3773775101811794	0.5321498181751582	0.5203450741842855	0.7146971312582092	0.46828537403683945	0.4852315787659946	0.48723448876167086	0.389327336296532	0.4838662041256832	0.2913951284262723	0.2744448027455581	0.24855261764996525	0.26562958438231005	0.2640502400246062	0.2744448027455581	0.2640502400246062	0.2893468952700465	0.5133205511773734	0.5307081588656879	0.42838933550710245	0.5514471875790035	0.46833522675170386	0.5077342414546916	0.5647906016227814	0.517204184134945	0.200158772187352	0.1776202481039837	0.21498731968823478	0.2124292855670111	0.17064841451874735	0.18642400845212448	0.16978525786116602	0.21965943956328027
bass_1	0.5141787233217047	0.525468076161077	0.4682933287556633	0.5288232769201331	0.515015214427057	0.6797711892080651	0.5953959591961514	0.5711713799110155	0.6372521062434762	0.4914943926189844	0.5860125223603425	0.39059725147950175	0.499271080132289	0.597355888709598	0.700339280545147	0.6985483510512123	0.5953052663608885	0.5546403136649459	0.5612512511246949	0.8440871000508985	0.0	0.5980713503308934	0.45978830244757396	0.43456037574250506	0.5734348137250719	0.2870827427034706	0.20850347600917693	0.20203351584419574	0.26668431639990864	0.3858416468179774	0.26983379517520756	0.27846238468042384	0.39590565954305856	0.5257247691297876	0.5155281838709458	0.7306978025789562	0.51207780495441	0.5019027036927625	0.5031106767349356	0.40548593020184565	0.5021122397681687	0.3034891923860348	0.2919462155109586	0.26185986201979505	0.27840462154327766	0.2810541355601961	0.2919462155109586	0.2810541355601961	0.3018708325716587	0.5477872001649718	0.5590515338102369	0.4050511030313781	0.5862160787170576	0.47761444356915533	0.5152940131468108	0.577928538041468	0.5432020385215819	0.21309396340306908	0.18696076084527077	0.22115949475008334	0.22435439533829696	0.17843047080268304	0.19726227712623576	0.17461572070885611	0.22897264836760164
spaGCN_default	0.4619638727685297	0.5074419716561752	0.48505141891754217	0.50376455655573	0.4768297421293011	0.6261898722922759	0.547401431284012	0.4975577641008873	0.6351455751796207	0.5125688668792301	0.44941794485953124	0.38879723346539763	0.4669818955938577	0.4567950502309167	0.5599003135716256	0.5589352567256624	0.4558595383173991	0.5246547713162012	0.5471786581235164	0.5910077740956879	0.5980713503308934	0.0	0.532945586181169	0.5104011718813256	0.8747504890252727	0.2550309196460631	0.17406688975953336	0.16067859970610643	0.2361454185236331	0.37202460527305303	0.2497674918028397	0.23549201985198512	0.3731445881454782	0.49661787001133817	0.44460045958449534	0.6149845345801099	0.4032334571314044	0.4560928640203269	0.45357963412565394	0.28666572881551156	0.45354423220913137	0.3133649995049184	0.285685650521953	0.26404911345268406	0.2821950163734692	0.2805827824395269	0.285685650521953	0.2805827824395269	0.312852750898406	0.40681791281320884	0.4939121605351515	0.38035220002884546	0.42077596776183795	0.4627326026162569	0.6002588273576902	0.5616906170410066	0.5417739770588147	0.19735152804370115	0.17679779136889612	0.21072780123651735	0.21055269989107564	0.16968875327819052	0.18657165901722111	0.1692923895406701	0.21969568006917234
spaGCN_2	0.34406262186057324	0.4693481993705231	0.44340093260559077	0.48448165558663575	0.45735034687173426	0.488927872420711	0.4412381761823561	0.3817191858203182	0.4523680021133651	0.41564431734136437	0.41685489044798435	0.30043065163601806	0.3834714680966895	0.4737950723846801	0.4928453574245752	0.4936775301398206	0.4724090890324446	0.5148592304351708	0.5105097870963662	0.4509567470275472	0.45978830244757396	0.532945586181169	0.0	0.8252825756693714	0.5025337888005299	0.33161696292663945	0.26200418697603517	0.23698756924332814	0.315306701595752	0.3835209087072352	0.3079441599072367	0.2888012037462314	0.41883465519702934	0.47923140619161975	0.4350312120026017	0.4698213257084269	0.4071982607850518	0.4504949537549547	0.45138651191384416	0.37125822931089697	0.44882995159269823	0.3429630371417784	0.34891209360149394	0.3060177284245909	0.3225302466598129	0.33550491732365745	0.34891209360149394	0.33550491732365745	0.3428969717481267	0.41885779371367976	0.4558549952688013	0.432845510422006	0.4418830818681986	0.36015064684662385	0.433760656784282	0.4652758750119351	0.39970498143329397	0.27122063275332736	0.2431728373732488	0.30012551609740806	0.2813026643738504	0.24663469758280024	0.25915736186382876	0.23877713215188054	0.3093203158932126
spaGCN_3	0.3348817139429212	0.43893396867620915	0.4142043298908916	0.44181560978034945	0.41385418950689923	0.450090522230499	0.408273010055831	0.36743093020279294	0.41788906523094127	0.38123483407210146	0.38685905770451856	0.3211819951055109	0.3521039918457592	0.4388003825340661	0.46104896247669647	0.4620605631605915	0.43822397835310944	0.4594760186511437	0.45318155721724246	0.428292091413955	0.43456037574250506	0.5104011718813256	0.8252825756693714	0.0	0.5242569850032238	0.31152185882811484	0.237682953217423	0.2110034954319186	0.29220904062284436	0.34668125854605647	0.2731006715388019	0.25580022093290833	0.375823569973597	0.43880974775154485	0.40339583587163297	0.4404822669334411	0.3836995406603069	0.4144397935338309	0.4187863331674425	0.35583119151887266	0.41336535278508985	0.3452963300778328	0.34889744510033543	0.3039634726836757	0.32454482844624594	0.33496957000684763	0.34889744510033543	0.33496957000684763	0.346541989785448	0.3841859773660083	0.4053947144737334	0.3886170274315874	0.40531400896701053	0.3260680661767433	0.38829533653087406	0.4159671106867065	0.3592005231494311	0.2651602228971485	0.23400873693545834	0.29611205409853164	0.27583012402119156	0.23706627401154304	0.24962477410521763	0.2336119293115233	0.307373233850591
spaGCN_1	0.443542968497865	0.4747823668223754	0.4625866729171357	0.4636464232023169	0.44152278832594927	0.5841296190634689	0.5066531581658401	0.4733367969549221	0.5891877296570276	0.4771543405888865	0.42355042461690273	0.406157202661761	0.44712322194980425	0.4312412029888998	0.5301097372473687	0.5295181936268112	0.43036204482932666	0.49084189667081185	0.5070012863032587	0.5663444568117159	0.5734348137250719	0.8747504890252727	0.5025337888005299	0.5242569850032238	0.0	0.24652142323061602	0.16837413075281207	0.15367595190895128	0.22765329826236752	0.35112353547840286	0.2341774181377972	0.22206842274783797	0.35342107554738933	0.4693308082260354	0.4180614946189382	0.5855496789086224	0.3820233135725599	0.4230921257648878	0.42510441256104503	0.27602388817105444	0.42135031092781405	0.3178137675109698	0.2855665988585762	0.26177776700573635	0.2810435181461347	0.27933675456965135	0.2855665988585762	0.27933675456965135	0.3169788847183332	0.382833568738179	0.46607491750537233	0.35993763171817045	0.3966099438680609	0.4419354293843282	0.5562820151488418	0.5230121707100724	0.5093024882344723	0.19136420152823844	0.1714629848422333	0.20641791671392057	0.20551477331813195	0.16461918808601975	0.1813218051246861	0.1646285737953321	0.2158239068082041
stardust_default	0.23649511133325538	0.29372098365885285	0.29143576678153454	0.28888999780461005	0.31116831040429643	0.2897790568021335	0.2744514510082689	0.2622693905782498	0.2830961147289061	0.26546437272360607	0.276406074158402	0.191886509480289	0.405686412043127	0.3058118921974956	0.31255199379969845	0.3118974113384816	0.3056416676520045	0.37637215891506426	0.3412653238132502	0.2741988113243787	0.2870827427034706	0.2550309196460631	0.33161696292663945	0.31152185882811484	0.24652142323061602	0.0	0.5380696613751887	0.6080795101326062	0.8765054652228549	0.32924610732032633	0.33332576843587336	0.4097676691825239	0.3767470142065949	0.32571866534402416	0.3127810864365344	0.29851062572875176	0.32042583229915444	0.30465466406989755	0.31036405427554037	0.31240734417880095	0.30684811682510993	0.2965407133841592	0.3024573026262007	0.325924262197741	0.3090922509335001	0.3060034566458428	0.3024573026262007	0.3060034566458428	0.2958401628207561	0.30586251687863175	0.3779670667187282	0.3258703333481301	0.32263666086671144	0.41139973047442946	0.35641340487658485	0.315635891262595	0.35560641613528543	0.3072512691733537	0.24204128525427537	0.2977849846570456	0.3159167669151496	0.256990409508463	0.2527273025713544	0.23252282355470075	0.30519957976280304
stardust_tutorial	0.1820360989959614	0.2111009595744096	0.19972943731469436	0.22743344234094212	0.23734898590105843	0.2059119491434474	0.2023116802975043	0.20063367013298272	0.18749704837923556	0.18879630435530856	0.2369659321606737	0.11346533564292068	0.31872825516392017	0.2582615859016897	0.24027018296757147	0.24009644603556285	0.2587649501887346	0.27167488140717866	0.24062922008969642	0.19184895898238255	0.20850347600917693	0.17406688975953336	0.26200418697603517	0.237682953217423	0.16837413075281207	0.5380696613751887	0.0	0.5681648367081047	0.5683305785126668	0.2729349677791184	0.2867910972966265	0.39691398292754876	0.3308734166861406	0.25138722218427884	0.23696523332690816	0.20797031056378623	0.23275289218614817	0.2060299236670435	0.2116308117016933	0.2506225141399764	0.2062053323227688	0.1682444075923492	0.1770736141601582	0.1858336099559053	0.1756114291162694	0.18295707532624786	0.1770736141601582	0.18295707532624786	0.168191996010254	0.25648451730590605	0.3230603567290217	0.2656484956777191	0.2816895681527499	0.3559831135486447	0.2367751733355897	0.23937698141330188	0.2543196297720674	0.20238082061025162	0.1606355537025498	0.179955223887306	0.1971918103931119	0.17254051642390258	0.16246322075999198	0.154292499023939	0.18634746471158997
stardust_2	0.1366436106688361	0.19944067455030887	0.19905886649565274	0.2196422903197809	0.23066911349609637	0.179525835592113	0.17823955708504016	0.17837010399233322	0.17921101673380807	0.19317538946841667	0.2530354511263453	0.13266572761572865	0.35434762240359313	0.2881440833221303	0.24674472895848248	0.24715824391958274	0.2883010154358579	0.2700471998478517	0.25448970561806744	0.18233190027854312	0.20203351584419574	0.16067859970610643	0.23698756924332814	0.2110034954319186	0.15367595190895128	0.6080795101326062	0.5681648367081047	0.0	0.6035744067158243	0.3166197807796932	0.3237798049790529	0.4525064978956813	0.3823659456299982	0.21445429479555977	0.19297767277502423	0.18273501729837366	0.2770438075284893	0.21118888585968115	0.2519057130313964	0.29990308620859873	0.21173843786717508	0.19579358204162547	0.21275935925352985	0.2175037734456192	0.20296929273499154	0.20996024939535787	0.21275935925352985	0.20996024939535787	0.19589786402768403	0.2999565104794715	0.35996798244405176	0.273318752980917	0.32374882101063496	0.37822274485006485	0.3007477818917647	0.28914960644802495	0.33393689836525176	0.2362457141362051	0.18309766910786335	0.23139763435807048	0.23416372020010798	0.1912403867427171	0.1906880191447578	0.18060109634852833	0.23604781190862165
stardust_1	0.22038189319943124	0.282836794686698	0.28334687955698595	0.2801730659824312	0.30386289461577237	0.2799148637701429	0.27137577761210047	0.2557487066245401	0.2691669697639318	0.2553715503308964	0.2713213462488111	0.17499159500691255	0.3985439799028932	0.2934410573634158	0.29722257352920095	0.29685209961043757	0.29334096841982665	0.360641600743069	0.32709723862178164	0.2544567456217854	0.26668431639990864	0.2361454185236331	0.315306701595752	0.29220904062284436	0.22765329826236752	0.8765054652228549	0.5683305785126668	0.6035744067158243	0.0	0.3277961566357823	0.32989026327254767	0.42552514946095854	0.36325788847411355	0.3224129108975602	0.3202069484417198	0.28321397831860984	0.31378031891223734	0.30583370178177594	0.3046926369830905	0.30916133376491217	0.3081100021379757	0.2713177469846204	0.278788821083614	0.30077595591855527	0.28361705913805524	0.2838621712800452	0.278788821083614	0.2838621712800452	0.2704811971045575	0.29796303421309395	0.3675532918730635	0.31820791465626175	0.317695256423167	0.4008998961429458	0.34135401609065175	0.2917068997949455	0.34000722518968896	0.2904797792732564	0.2299464297232905	0.2744192538641905	0.29536468485554146	0.24430591108229832	0.24028473921255344	0.22139743973613368	0.2827014212935856
SpaceFlow_default	0.29408841936507246	0.3767895082477053	0.404119724014576	0.395434722779476	0.42628489855057555	0.40391801125360693	0.3343968456251991	0.36447122812154925	0.38155613481872663	0.35888534437561165	0.47116975530200245	0.21580030599071376	0.510677408194889	0.5210551882017039	0.43688666938831855	0.4368565594788405	0.5218988916840176	0.4727974362667799	0.46368413025378724	0.3607125025508561	0.3858416468179774	0.37202460527305303	0.3835209087072352	0.34668125854605647	0.35112353547840286	0.32924610732032633	0.2729349677791184	0.3166197807796932	0.3277961566357823	0.0	0.5140552949706835	0.4184644995387754	0.7860038500132682	0.4702560143248605	0.4225957176773245	0.35865939135252267	0.48177392096420174	0.3298184221464419	0.35743896452766827	0.3169333154098559	0.3278751339613341	0.31984066875316236	0.3165990414659608	0.29713962106547287	0.2992552009906068	0.3113424032026278	0.3165990414659608	0.3113424032026278	0.3199048565539335	0.46560225473072764	0.5233677118618131	0.3778850003095289	0.4802446462090251	0.46754374514314284	0.44914972041474077	0.5165505826489799	0.5359591283288411	0.2790046972986612	0.22649621881707727	0.2668663443354631	0.263093807517203	0.2342472424985222	0.23665443232982358	0.21133435674080028	0.2793946784582569
SpaceFlow_2	0.2356386150874423	0.24482788970648878	0.3020985906235106	0.2558898145686097	0.33266094442619043	0.2583359580611603	0.2457183086853718	0.23865459347839874	0.2533585307388182	0.25606394491908835	0.37477887636313467	0.17128186013557117	0.3634636290037029	0.3958130770425693	0.2839751489132477	0.28390577182799254	0.39626800439587523	0.3726216898326695	0.3681431165628933	0.26071006976784944	0.26983379517520756	0.2497674918028397	0.3079441599072367	0.2731006715388019	0.2341774181377972	0.33332576843587336	0.2867910972966265	0.3237798049790529	0.32989026327254767	0.5140552949706835	0.0	0.464279953351078	0.5420117509514669	0.3225329483067007	0.26209359666008397	0.24917563836497897	0.32569256954037973	0.2080530962585279	0.24145429279807368	0.26257178605859793	0.2069058552446182	0.27631531762031003	0.29972610422484575	0.26870589894479396	0.284704550031939	0.29006550431342926	0.29972610422484575	0.29006550431342926	0.2766683827267325	0.3696560997627411	0.40554680786405556	0.38319495242320184	0.3862691893672763	0.5069690025404682	0.3533799486474125	0.40702874041825704	0.41886126124338874	0.34236614520592706	0.2898215735464964	0.32676938011917384	0.322159417176081	0.312261401129575	0.2960500471303301	0.29317580095459844	0.33116955649374025
