	label	GraphST_default	GraphST_2	GraphST_dlpfc	GraphST_1	SEDR_default	SEDR_2	SEDR_dlpfc	SEDR_1	STAGATE_starmap	STAGATE_default	STAGATE_slide_stereo	STAGATE_1	BayesSpace_default	BayesSpace_melanoma	BayesSpace_1	BayesSpace_scc	bass_starmap	bass_default	bass_dlpfc	bass_1	spaGCN_default	spaGCN_2	spaGCN_3	spaGCN_1	stardust_default	stardust_tutorial	stardust_2	stardust_1	SpaceFlow_default	SpaceFlow_2	SpaceFlow_3	SpaceFlow_1	DRSC_default	DRSC_FindSVGs	DRSC_all_genes	DRSC_FindVariableFeatures	precast_default	precast_dlpfc	precast_1	precast_BC	seurat-louvain_louvain_3	seurat-leiden_leiden_4	seurat-leiden_leiden_1	seurat-louvain_louvain_1	seurat-louvain_louvain_4	seurat-leiden_leiden_2	seurat-louvain_louvain_2	seurat-leiden_leiden_3	CellCharter_default	CellCharter_2	CellCharter_dlpfc	CellCharter_1	BANKSY_starmap	BANKSY_default	BANKSY_github	BANKSY_dlpfc	scanpy-louvain_louvain_3	scanpy-leiden_leiden_4	scanpy-leiden_leiden_1	scanpy-louvain_louvain_1	scanpy-louvain_louvain_4	scanpy-leiden_leiden_2	scanpy-louvain_louvain_2	scanpy-leiden_leiden_3
label	0.0	0.5053029060770714	0.42953998144778716	0.5287865524814779	0.4645716412217644	0.4108846699224173	0.4919478793562077	0.3975592921068156	0.514474601440204	0.29064061974055144	0.3761850169946606	0.24099887062635317	0.32944355472410053	0.4268955731550327	0.2363196068121058	0.23706365342596336	0.4272083629679208	0.35169716713180454	0.35594627087884	0.40692107423631796	0.4028669861953875	0.23777609511316428	0.31845522104941	0.30103277375655346	0.2332988453397477	0.28229863309476344	0.25443061755704205	0.13485262313991037	0.29620448830329205	0.2405529541489815	0.3238087290078092	0.20649326830310435	0.2605849503895762	0.42554786326027527	0.3402682358071828	0.4173794806016619	0.27519076171629414	0.3635804412579892	0.24083734593836137	0.23417593387858499	0.35762502643330524	0.323783118056127	0.31217801537886225	0.24150255092456907	0.3188408114827273	0.3218947884383659	0.31217801537886225	0.3218947884383659	0.31573059315799	0.22473811408919095	0.27190675573882417	0.3312441195009705	0.2998831943780912	0.3082184577863881	0.3166860987862036	0.37296700147245404	0.3870301597561223	0.20024561484015818	0.09593461946856666	0.16451901946166325	0.13964493429940414	0.11607281629920896	0.19339546110654612	0.13924112700704439	0.19632037841096503
GraphST_default	0.5053029060770714	0.0	0.4385791612710769	0.7754335252202665	0.4330291606928781	0.4134782327318756	0.43883050865879714	0.42568443187061844	0.43668154842580287	0.4204285591497955	0.5070199104592147	0.23869691654842026	0.3741669581643638	0.38461613280375706	0.31617199365060084	0.3165255921781816	0.3843158431953327	0.4941437906466315	0.501790620455292	0.36698745193755933	0.36860181075979137	0.2934810067028574	0.289467604246608	0.273762050789017	0.28413308356950906	0.3853773966985824	0.3685352194079321	0.2250628497983611	0.42493083832586104	0.34411630023833323	0.3884338539026804	0.28318637615193004	0.3421904685477686	0.4345767655243146	0.3399850548522431	0.3948407043623687	0.38502319999898105	0.3470575019810652	0.4004243898345527	0.3960621891162976	0.3417955863206251	0.4732137004124226	0.3688350200854947	0.3504176502858764	0.47276271501552897	0.4668472036075104	0.3688350200854947	0.4668472036075104	0.3924035655820934	0.31704038447611965	0.36490006247348866	0.3809199407552616	0.38958031909706026	0.34591443477817624	0.2783929047582073	0.3209119641447162	0.36870873785942354	0.3142954171244149	0.21527144002154805	0.29007502633317234	0.2508190963748447	0.2193961464010123	0.3044456034008079	0.2266022708484347	0.326244393013338
GraphST_2	0.42953998144778716	0.4385791612710769	0.0	0.4319957735663481	0.6457562544722435	0.4987341119837031	0.6195495476444057	0.5070549579678906	0.6216087115059346	0.47922274130154635	0.5815448116829975	0.3138074165307895	0.506841821517609	0.6352164690677731	0.4929125771799719	0.49346425435796504	0.6348012741702905	0.586235540754492	0.5908888700169268	0.5803859326077997	0.5800974016286736	0.43449345138498074	0.47414542067707477	0.4482663409926765	0.42480346132923763	0.2651427664212291	0.23784257880740914	0.18514530796543288	0.27423780575100326	0.31492126146588584	0.35230794436541474	0.22402587183909106	0.3388465537313913	0.6868284735636722	0.5637798347062485	0.6220607343957822	0.45207030444645047	0.5647549333284027	0.4891792281952708	0.47085731170029455	0.5626952810966684	0.3270330065013055	0.3314622557141187	0.27372431296562977	0.32263602898561244	0.32187820345261087	0.3314622557141187	0.32187820345261087	0.32724813842710476	0.42451831186431527	0.47212369441036184	0.43843369927862913	0.45953958620489815	0.3453439860421763	0.34407370980024043	0.34551178986529774	0.4440225885205631	0.23155162056357736	0.1866387089585209	0.19726926962747593	0.1941384950488697	0.1976001024172582	0.2245904097841517	0.19078657900087062	0.23303663246557293
GraphST_dlpfc	0.5287865524814779	0.7754335252202665	0.4319957735663481	0.0	0.486691737423954	0.4226390029160136	0.46912833411793514	0.4529644554529365	0.4546471417802213	0.4659508997186555	0.5203789557283983	0.23873952992341885	0.392578329739049	0.40799367400382724	0.3557428353687769	0.3561005230100555	0.4076667039503327	0.5071156203654639	0.5136599615791468	0.38338663008518375	0.37930823741195907	0.30508049361874334	0.30802744714795727	0.2889801861731089	0.293792328022392	0.3913353919088181	0.4292986016954593	0.26764303376910203	0.4382883037482884	0.387214325036895	0.44418120984128867	0.31863440809129345	0.3911577488068242	0.4541740333728884	0.3469638875819258	0.41361001217375526	0.37852199616415816	0.3607184429561549	0.4095845646358176	0.4153314187926119	0.35646760042530995	0.45924481396010286	0.3691389747960374	0.35097269030441514	0.4608824073391946	0.45706151247422255	0.3691389747960374	0.45706151247422255	0.3910644122909663	0.33987389321479766	0.40114646523211184	0.4295286808953589	0.4258884210128461	0.37812305524243206	0.2858978354284968	0.34643401872222185	0.4143267778211051	0.289937331407781	0.20604647474325385	0.263459300865984	0.2262151129358449	0.20597360510706483	0.29741248900493783	0.2081377301141731	0.2989922216819512
GraphST_1	0.4645716412217644	0.4330291606928781	0.6457562544722435	0.486691737423954	0.0	0.523595194760662	0.6770191333544083	0.5589965480731587	0.6741920011515472	0.5361109447346767	0.6433947209034955	0.2950566750045608	0.5106160568914792	0.7331934650919034	0.5111651995694837	0.5129142982150617	0.7327352373807596	0.6659995752077303	0.6776722962729004	0.6570375029299385	0.6523929970690925	0.465207199456161	0.49514328569102845	0.4433448202018915	0.43504790796294884	0.2743136752369955	0.27016160372552794	0.2192477386373548	0.28683967131694205	0.35325140499636354	0.40942517117558297	0.2892745202859291	0.368788019053784	0.728666497546634	0.6061070439362987	0.653659407381714	0.4976620658744995	0.631118518167406	0.5081512403009357	0.5096686656530537	0.6209844666136182	0.32980221290124634	0.3370240145345477	0.2794572834682232	0.3265748386618527	0.32821238929411545	0.3370240145345477	0.32821238929411545	0.3255748546073959	0.4617358301168474	0.5165092265758453	0.46630747802513084	0.5016402968147502	0.4462689703085548	0.4133326766098201	0.4362362348252457	0.5331307439550661	0.22905183306917354	0.1969017087835099	0.19674107726699822	0.19367697062710773	0.19618453484740409	0.22282407315654326	0.18896705328598037	0.2292673844201101
SEDR_default	0.4108846699224173	0.4134782327318756	0.4987341119837031	0.4226390029160136	0.523595194760662	0.0	0.632134781718663	0.6920032193977895	0.6418207155982049	0.4659691020179932	0.5207580840958314	0.23551291552509623	0.37096808861937003	0.5933088543582524	0.43640739902771974	0.43675872941627236	0.5937365701096678	0.5073148963683605	0.4900862754425718	0.5817616514719366	0.5868291738084387	0.4552030329148434	0.42858876119040296	0.3904015498218628	0.42512989389179784	0.2555293911476113	0.23798707667087593	0.16245414478543574	0.24668345010320789	0.3474168348967308	0.27968569752901223	0.27216874236523336	0.32411620426185517	0.5850698459244129	0.5115642912366123	0.6315668825576412	0.3837034941885301	0.5119222999395232	0.3985584913725005	0.3831564535381117	0.5053145932906267	0.2940236036480276	0.26276955462613927	0.2443249247190314	0.2903922786616213	0.28859244552351443	0.26276955462613927	0.28859244552351443	0.2689312113676871	0.36350795519996915	0.3681028146855227	0.33137876083099055	0.41517194826808496	0.3744992330212829	0.43979689933887056	0.42869397363965706	0.4217101340198358	0.2082439922134025	0.17168173386300115	0.17328274679148253	0.190484166457452	0.15948312271878953	0.1710660514099129	0.16616224462612142	0.20906509419805025
SEDR_2	0.4919478793562077	0.43883050865879714	0.6195495476444057	0.46912833411793514	0.6770191333544083	0.632134781718663	0.0	0.62787013231762	0.788861877986966	0.5403337987811908	0.6386468873395922	0.2598448161047246	0.49204800460215625	0.679910140404919	0.5292221292584381	0.5296311726390979	0.6794705613824933	0.5814991179029264	0.5872478039205218	0.6626642737736649	0.6542993211732993	0.46223115099636564	0.4876168367062599	0.4420236359231446	0.43975248408697426	0.27164415522192903	0.25316331129870084	0.1794792080266176	0.2665127281309075	0.34830641251674144	0.37220483528296766	0.26587019008176754	0.37406482595773916	0.7195986965971334	0.5722761265776253	0.7095069504584756	0.41802166012076886	0.5942211135378228	0.511219679437406	0.510055287645139	0.5887656416028407	0.3180310637574656	0.31967678634909985	0.26442822506281805	0.31456684385733635	0.3164297639774642	0.31967678634909985	0.3164297639774642	0.313718755888176	0.4200123779697636	0.4991277021921118	0.4283421038712305	0.4997440610047156	0.3682148780808447	0.40477245525521865	0.39426018212952313	0.546424851407275	0.2311394530658393	0.1856519135381116	0.1906620100771645	0.20359201917878464	0.19634210417107256	0.20762289589514812	0.19044508566202115	0.2281713894304304
SEDR_dlpfc	0.3975592921068156	0.42568443187061844	0.5070549579678906	0.4529644554529365	0.5589965480731587	0.6920032193977895	0.62787013231762	0.0	0.5818233981552587	0.4480394099126657	0.5328141556649685	0.2183335526695726	0.37233553987973506	0.5589874221936857	0.40203300159158334	0.40249271989971236	0.5585518162565423	0.5540200794287977	0.5400545844156445	0.5411864944623099	0.5405977111682677	0.45986882243792104	0.37966043885946166	0.3534681342401393	0.43225723307698427	0.2621331926873068	0.2237567670304797	0.1638428012776278	0.26040074364737126	0.3386628166372829	0.2620053539467805	0.23035662940530996	0.3085311361479219	0.5827484276408583	0.4454196065266931	0.5833143602556442	0.3578237527587879	0.47492975531521475	0.4266148789291634	0.38852054455363677	0.4669740312312169	0.3078773851515934	0.26239226783863084	0.2563680865193577	0.30592318820928827	0.30296080797079056	0.26239226783863084	0.30296080797079056	0.2739165713085568	0.4065502468830783	0.39227128640276765	0.3099190258795638	0.3931446232382779	0.35960752339214963	0.4032920642357059	0.36678881406060615	0.4352441379079855	0.18076009472892732	0.16948295360345558	0.15178007861458828	0.16102217794031148	0.14760316752530034	0.16611231659518996	0.15010806177407673	0.18235003502579733
SEDR_1	0.514474601440204	0.43668154842580287	0.6216087115059346	0.4546471417802213	0.6741920011515472	0.6418207155982049	0.788861877986966	0.5818233981552587	0.0	0.5187277728455026	0.6143634393671275	0.2714645068499622	0.5023623008595007	0.6764868852861461	0.47329681795766937	0.47374845720459147	0.676920452854841	0.5531734254200484	0.5563594172816987	0.658099974777193	0.6550088018509325	0.43640450863578034	0.5192894148099406	0.46387709720817305	0.417743488415058	0.25228195478612053	0.2321849741834611	0.14803914692546233	0.2545803176728843	0.2915431321660404	0.3524595480734576	0.23407088424740827	0.3028809496078902	0.6982203617067705	0.588125770713399	0.6904326185932221	0.4366333738218689	0.6109627271566123	0.4681377841768842	0.4631241139836132	0.6044949387343075	0.29764186453982694	0.298342813625242	0.23770152076094023	0.29278012043771623	0.2948257537507081	0.298342813625242	0.2948257537507081	0.29416547495510714	0.4164241826967369	0.47102200604697786	0.4281493457458811	0.5244662972861629	0.34132074298620235	0.37878653793547257	0.4047930131538092	0.5179653153283381	0.2200611379559689	0.15540921431039278	0.17887628350983514	0.18865861539172146	0.1688975814154275	0.1982296947796214	0.16726251695642072	0.21744313876511814
STAGATE_starmap	0.29064061974055144	0.4204285591497955	0.47922274130154635	0.4659508997186555	0.5361109447346767	0.4659691020179932	0.5403337987811908	0.4480394099126657	0.5187277728455026	0.0	0.6313045300724317	0.3946276989478587	0.5118639522780215	0.4984884775665033	0.6809092749755815	0.6817109642928743	0.49854597437340353	0.6379377917443828	0.6479509904571386	0.5044906071165837	0.4891725863387128	0.6267824479759158	0.5572490886618807	0.5012665596898507	0.5868931674418498	0.3298265410558661	0.3264318209398372	0.3052371683363328	0.34933648664145855	0.4040233983038659	0.4611713420058825	0.3405765287834779	0.46898232112024263	0.5398622692102203	0.6266372504902123	0.5186620096257797	0.6507510502209942	0.6535732199185084	0.728481041420108	0.7204674874349462	0.6487009258889361	0.3891780887603036	0.39746784673201113	0.3772358353911708	0.3859996566041193	0.38696179382962265	0.39746784673201113	0.38696179382962265	0.38238598313683236	0.6375480778037268	0.6618538663408169	0.5421258980864456	0.7175024439423378	0.36769285667700347	0.462410303619187	0.4797721601230212	0.47679026008492265	0.3129100943542422	0.3188355714126509	0.26896837235118154	0.31369006031902436	0.29746548606852763	0.29096001575668595	0.24258319758053443	0.33499553626513634
STAGATE_default	0.3761850169946606	0.5070199104592147	0.5815448116829975	0.5203789557283983	0.6433947209034955	0.5207580840958314	0.6386468873395922	0.5328141556649685	0.6143634393671275	0.6313045300724317	0.0	0.2910856136133014	0.49202600381788053	0.6353317052785111	0.5499771305287466	0.5498203287562035	0.6348373960175501	0.764073255536139	0.7757704792857315	0.6171251734147759	0.6125422526945009	0.530711116851403	0.4525476728214792	0.40375490817430126	0.4993961054192527	0.28722787018139295	0.3038035602305178	0.2561772842971129	0.30649260947462026	0.41908776434963607	0.441412398523462	0.2990199859510829	0.43880996067950706	0.6655623135090215	0.516381921405736	0.6341194063419331	0.5357220624230845	0.5272718331529073	0.6065477897646511	0.5775338198894179	0.5224208753540442	0.34584025434662746	0.33685200698470347	0.30868904941023934	0.3441430588496916	0.33751467517175315	0.33685200698470347	0.33751467517175315	0.332624305502286	0.5225112261388587	0.5433831151627876	0.5267789927843709	0.5507314043606754	0.3887704137472668	0.3936077805855488	0.36464790327931107	0.5603857417750643	0.2691028905786808	0.2378014975204539	0.2380931735644266	0.24955719512380786	0.2368136883004812	0.24863584650781503	0.22442982771542322	0.27356415763314407
STAGATE_slide_stereo	0.24099887062635317	0.23869691654842026	0.3138074165307895	0.23873952992341885	0.2950566750045608	0.23551291552509623	0.2598448161047246	0.2183335526695726	0.2714645068499622	0.3946276989478587	0.2910856136133014	0.0	0.3256927647630278	0.30057466016408674	0.4141309643366038	0.4138407934690147	0.3006664688544887	0.3141912595076464	0.31535274702543853	0.30054160172376915	0.3052204854617565	0.41305024325906914	0.39415163737991493	0.40670882889543203	0.42163322713043766	0.23832545873652283	0.2091143965390951	0.19265710185987595	0.22503225001501984	0.21953115249413255	0.24092482223084125	0.18178723289926274	0.26732892519408463	0.3179996554051895	0.41691470095307676	0.29769062175904826	0.42204328611412933	0.409539752097311	0.3823801528593861	0.3911518391948829	0.40904663276715386	0.31377818729872325	0.31994853582422317	0.3186391069698871	0.30790125601780416	0.3056413036475388	0.31994853582422317	0.3056413036475388	0.30478145190193623	0.33598923681410786	0.36551603679501515	0.31875451194941196	0.3765421524169318	0.22098508761136368	0.2896821168192823	0.32534295591585016	0.26554332782027545	0.27146278361959003	0.24645265736012203	0.2198417351377321	0.26131531954386805	0.23757404439690474	0.2365046292077988	0.180701514513729	0.28998566261339376
STAGATE_1	0.32944355472410053	0.3741669581643638	0.506841821517609	0.392578329739049	0.5106160568914792	0.37096808861937003	0.49204800460215625	0.37233553987973506	0.5023623008595007	0.5118639522780215	0.49202600381788053	0.3256927647630278	0.0	0.4480278025856063	0.5216289682164169	0.5217688865672341	0.4482509063927067	0.4691101754679514	0.4682545822882008	0.45977218900824457	0.4486970448630217	0.42171643735384	0.46165729222163265	0.42348890413285534	0.4054806012807628	0.31225281383969605	0.3443103526217868	0.25474947676423837	0.33203443768396057	0.37398793202363184	0.45801530183293354	0.302896823443103	0.3963981308558795	0.5035183292695842	0.5294705580732185	0.4677060431112533	0.45565575923416707	0.5294683376933677	0.5299678277344974	0.526472525565593	0.5245734908875458	0.3424402907674294	0.35808314843376504	0.3091198603746049	0.3374462147556623	0.34538942838995973	0.35808314843376504	0.34538942838995973	0.343159190511757	0.42906046525271335	0.5233139136129114	0.4514199069330717	0.5107158147258419	0.323624411796832	0.3605579342878398	0.4049011399193362	0.47590738961405177	0.28006915831213147	0.2486411130910299	0.2391101651821947	0.26095492174436247	0.2558773718467244	0.2554818759583609	0.22697007281182738	0.2907749832780605
BayesSpace_default	0.4268955731550327	0.38461613280375706	0.6352164690677731	0.40799367400382724	0.7331934650919034	0.5933088543582524	0.679910140404919	0.5589874221936857	0.6764868852861461	0.4984884775665033	0.6353317052785111	0.30057466016408674	0.4480278025856063	0.0	0.6192175737806302	0.6197584494007378	0.9994917080133611	0.6514779762746427	0.6551566232396231	0.7877431037307562	0.7904367023816892	0.4893650468078229	0.5658956883362726	0.5105661806506764	0.4716619032011357	0.25208663933128483	0.25427705921660515	0.20953044564836598	0.2481323719186789	0.31845184393796694	0.37685535791246044	0.2666424302895926	0.3426172771389457	0.7901776544458909	0.6852367841787287	0.781918082471502	0.48798986067195255	0.6714424896102278	0.5080061982991133	0.5123946830698355	0.667426826047577	0.32662789797570707	0.3294986442508883	0.27120946430768933	0.3258040931368163	0.32734541011972174	0.3294986442508883	0.32734541011972174	0.3232303068283195	0.4424451142901631	0.46800040793367814	0.4150683016219163	0.47128894644541713	0.4083187413154384	0.4243151299707843	0.43515341070625235	0.5056376618058017	0.22862540149513738	0.19224295573798908	0.1955180487734436	0.19804156385291868	0.20158506267476053	0.2034061911037382	0.19254738701229784	0.2299896144482373
BayesSpace_melanoma	0.2363196068121058	0.31617199365060084	0.4929125771799719	0.3557428353687769	0.5111651995694837	0.43640739902771974	0.5292221292584381	0.40203300159158334	0.47329681795766937	0.6809092749755815	0.5499771305287466	0.4141309643366038	0.5216289682164169	0.6192175737806302	0.0	0.9974593162207943	0.6191669379022814	0.5402670908623718	0.5458343480947544	0.6002167536551946	0.5873113657200756	0.656368006731091	0.5892965749758978	0.5360963360026012	0.6348963726570596	0.32371054879892	0.3110074516710143	0.3461589551168229	0.3344713177013117	0.4063808974151389	0.4398625030181126	0.3308927883752126	0.4899834255864285	0.5748430802483833	0.6609266213826398	0.5875751645321815	0.5993667818076855	0.647386984289726	0.7658216410903007	0.733148110497398	0.6495784766326272	0.4743130080488477	0.49931215020134795	0.45689604988652327	0.4712850003969849	0.4743867749354738	0.49931215020134795	0.4743867749354738	0.4805261560729264	0.5995854186202393	0.6675862963983025	0.44908365542689405	0.6355066658851447	0.3839698129657732	0.5066648199709443	0.4443470059842934	0.45578020265023056	0.30392842187414004	0.3743467929976693	0.27687916308172217	0.31030588975896206	0.34429572523051805	0.31423082877313707	0.27498301457131324	0.33378636547779
BayesSpace_1	0.23706365342596336	0.3165255921781816	0.49346425435796504	0.3561005230100555	0.5129142982150617	0.43675872941627236	0.5296311726390979	0.40249271989971236	0.47374845720459147	0.6817109642928743	0.5498203287562035	0.4138407934690147	0.5217688865672341	0.6197584494007378	0.9974593162207943	0.0	0.6197078468107124	0.5401011896453092	0.5456631075411964	0.599754568578441	0.5868467761618026	0.655873989574163	0.5899531976628903	0.5366718732506137	0.6344220063932668	0.323628960527916	0.31083019982773397	0.3455660031167832	0.3341450451703027	0.40553828871409775	0.43902901929397387	0.33016266739545846	0.48923437824107446	0.5755934001961147	0.6616778147182076	0.5883980194560574	0.5998181473809464	0.6480503190127757	0.7648549896903538	0.7330326170999428	0.650247692825498	0.4747433506731511	0.4996755783889134	0.45652111559904396	0.4717144129458057	0.47483447007429247	0.4996755783889134	0.47483447007429247	0.4807844587516619	0.5999751705778896	0.6679250793171768	0.44986627644919974	0.634916176315853	0.3840214770282031	0.5067422058252037	0.4444857346980894	0.45550179456997303	0.3044939998723237	0.37356421682107477	0.2774230578879802	0.30961501254384505	0.3440928471534076	0.31408039297724766	0.27480820064262707	0.33434211446723433
BayesSpace_scc	0.4272083629679208	0.3843158431953327	0.6348012741702905	0.4076667039503327	0.7327352373807596	0.5937365701096678	0.6794705613824933	0.5585518162565423	0.676920452854841	0.49854597437340353	0.6348373960175501	0.3006664688544887	0.4482509063927067	0.9994917080133611	0.6191669379022814	0.6197078468107124	0.0	0.6519575285128756	0.6556379384756096	0.7881838176831389	0.7908912442264665	0.4893196508085707	0.5660068237775018	0.51068740573928	0.4716168744135705	0.25208379981502116	0.2543519322941481	0.20940044702557686	0.2481615916425455	0.3180915210388979	0.37685294091892935	0.2665488684390289	0.34236125678436	0.7897281193654379	0.6853263868939323	0.7823712448508334	0.4880809242118242	0.671526377914168	0.507940850527284	0.512368853966231	0.6675058369525231	0.3265462747210648	0.3294322399430715	0.27111481235559054	0.3257194531387276	0.3272659479042629	0.3294322399430715	0.3272659479042629	0.32314369273587035	0.44235547137760983	0.4679196054000145	0.41532328027508103	0.4713284278918151	0.40798282891459337	0.4241916498231297	0.4352865693625215	0.506065482411875	0.22851116625292894	0.19218014553738635	0.19541583032607698	0.19789612130533085	0.20152506368308762	0.2033939280047499	0.19243288641677284	0.22990097170349902
bass_starmap	0.35169716713180454	0.4941437906466315	0.586235540754492	0.5071156203654639	0.6659995752077303	0.5073148963683605	0.5814991179029264	0.5540200794287977	0.5531734254200484	0.6379377917443828	0.764073255536139	0.3141912595076464	0.4691101754679514	0.6514779762746427	0.5402670908623718	0.5401011896453092	0.6519575285128756	0.0	0.9393617059880643	0.6407852699654163	0.6334532265548279	0.5570545283886723	0.4445074100932646	0.4041264197168669	0.5179022265240588	0.2821880666865009	0.2905527180488199	0.251426424983799	0.3067206833850202	0.412097943460409	0.40976026442852326	0.2856253306062993	0.42546539372716025	0.7150826440446033	0.5581146587503696	0.6539063104931042	0.6087288869059229	0.5760298457279257	0.6052443547237898	0.5876334367149256	0.5712213997223989	0.3365315001372595	0.3309523565992363	0.3059029861625109	0.3370624706424081	0.33350199565298455	0.3309523565992363	0.33350199565298455	0.32110961073515176	0.5051819486151593	0.5144580895729426	0.502265490143706	0.5094519038353299	0.3998069157275601	0.3925892688276558	0.39983521466557526	0.5398445210221597	0.26030951726761287	0.24018948247402913	0.23011841797261606	0.2448005605600616	0.2308733405389445	0.23565408631232343	0.22046362582167922	0.26597041829178253
bass_default	0.35594627087884	0.501790620455292	0.5908888700169268	0.5136599615791468	0.6776722962729004	0.4900862754425718	0.5872478039205218	0.5400545844156445	0.5563594172816987	0.6479509904571386	0.7757704792857315	0.31535274702543853	0.4682545822882008	0.6551566232396231	0.5458343480947544	0.5456631075411964	0.6556379384756096	0.9393617059880643	0.0	0.6571186149365104	0.6472870326990973	0.544258438413955	0.44997961674200304	0.40962602284999494	0.505958851593563	0.28648267323738397	0.29553242333116464	0.25753501940886175	0.3098065327867782	0.4171370100143343	0.42146292172100935	0.28996408233021714	0.4324381117299841	0.7173121404294502	0.5599828776511756	0.647457052524128	0.6100438159010483	0.5813163218913671	0.6073108137379245	0.5908509799950111	0.5753773749664584	0.33640202486759674	0.33453091023653264	0.30678644974910807	0.335895354612728	0.33219441350344164	0.33453091023653264	0.33219441350344164	0.3224521307320561	0.5116759576608776	0.5282059214607497	0.519322403520906	0.520166443412733	0.4051804573621972	0.3919966932292794	0.39897149347652333	0.543378082392825	0.2654335834939444	0.2429506946714183	0.23337466379161462	0.2504799569005918	0.2341018815519551	0.23907648205060722	0.2220800389440877	0.27192142796021307
bass_dlpfc	0.40692107423631796	0.36698745193755933	0.5803859326077997	0.38338663008518375	0.6570375029299385	0.5817616514719366	0.6626642737736649	0.5411864944623099	0.658099974777193	0.5044906071165837	0.6171251734147759	0.30054160172376915	0.45977218900824457	0.7877431037307562	0.6002167536551946	0.599754568578441	0.7881838176831389	0.6407852699654163	0.6571186149365104	0.0	0.932232830236207	0.50982192268481	0.6015441828086251	0.5347184791576397	0.4799465191289276	0.24855895968684724	0.23593491256081714	0.20194735408207046	0.24624390513857117	0.3247447487032284	0.339762569878366	0.2490580254672845	0.3375673305932118	0.7235667865347694	0.6532789304479981	0.7814406699463373	0.48387658766985003	0.6652069880153236	0.490868683421307	0.492980423034523	0.662791041015847	0.3380124482110639	0.34137044801376243	0.2859019948522214	0.33823264132676994	0.3350487093079627	0.34137044801376243	0.3350487093079627	0.3344139634367859	0.4080753012936269	0.4491883711864102	0.424096993605551	0.46358225181171	0.377835233237245	0.4431781102278911	0.43285309611053	0.5089319348542091	0.23450117148756533	0.2076831627301657	0.1953007718904371	0.21341321675459266	0.20820573280196927	0.20931194009253362	0.20053956191767291	0.2371179388752159
bass_1	0.4028669861953875	0.36860181075979137	0.5800974016286736	0.37930823741195907	0.6523929970690925	0.5868291738084387	0.6542993211732993	0.5405977111682677	0.6550088018509325	0.4891725863387128	0.6125422526945009	0.3052204854617565	0.4486970448630217	0.7904367023816892	0.5873113657200756	0.5868467761618026	0.7908912442264665	0.6334532265548279	0.6472870326990973	0.932232830236207	0.0	0.5073061055266729	0.6053092722963344	0.5438765827853158	0.48393799146725913	0.24595589480401944	0.23236480663056652	0.2007593084816857	0.24436741760334557	0.32496174676397943	0.33930452994949467	0.24893646678587905	0.33435373177063493	0.7307468570438795	0.6450820479811233	0.7830032192956048	0.4793943258418623	0.651880723252368	0.48079939342058775	0.4883605188124561	0.6487833635019854	0.3368941134690238	0.34184100697126923	0.2874078087701699	0.33732105589068884	0.3337087347278835	0.34184100697126923	0.3337087347278835	0.33392280977276095	0.4031652807990042	0.43674651456044394	0.416238463696702	0.44869728695486155	0.37861647675129034	0.43735126698699367	0.4228854783303236	0.4979139394664988	0.23078077732870725	0.205980338211943	0.19232463250991563	0.20989318615730448	0.206354385590807	0.20549238142041576	0.19894566599288696	0.23311039332923666
spaGCN_default	0.23777609511316428	0.2934810067028574	0.43449345138498074	0.30508049361874334	0.465207199456161	0.4552030329148434	0.46223115099636564	0.45986882243792104	0.43640450863578034	0.6267824479759158	0.530711116851403	0.41305024325906914	0.42171643735384	0.4893650468078229	0.656368006731091	0.655873989574163	0.4893196508085707	0.5570545283886723	0.544258438413955	0.50982192268481	0.5073061055266729	0.0	0.5266262446632076	0.48244290749197816	0.8867494305015755	0.325778309335436	0.23914400695012206	0.2986565366873357	0.31994110172609047	0.361478235537389	0.3202701721818591	0.28535873903675213	0.40408657888909194	0.5042714462279486	0.5701231265022942	0.5186070117321525	0.530531386671473	0.5800383040112215	0.6446118532141397	0.6333888777114032	0.578842058840978	0.40216168201705954	0.4125054679145275	0.41274754619915965	0.3975368837851962	0.39114424975329004	0.4125054679145275	0.39114424975329004	0.39026517368021735	0.5797824840110728	0.5306597743325897	0.3783213290967231	0.5267111429299268	0.3799032221804967	0.5194136525863152	0.4383855167408072	0.44538764578858414	0.22645766056201116	0.3181258200211436	0.2010236646007791	0.24313169109226898	0.2674595226433912	0.23970213550135575	0.21208689976303605	0.24826698234295705
spaGCN_2	0.31845522104941	0.289467604246608	0.47414542067707477	0.30802744714795727	0.49514328569102845	0.42858876119040296	0.4876168367062599	0.37966043885946166	0.5192894148099406	0.5572490886618807	0.4525476728214792	0.39415163737991493	0.46165729222163265	0.5658956883362726	0.5892965749758978	0.5899531976628903	0.5660068237775018	0.4445074100932646	0.44997961674200304	0.6015441828086251	0.6053092722963344	0.5266262446632076	0.0	0.8712082212225019	0.5138253923750763	0.2530246097631271	0.23165869445206413	0.21891991481955617	0.2600495555759374	0.2773476709353363	0.3253436237226323	0.26120263730416604	0.3185096182493713	0.5323935807856042	0.6835387746620428	0.5584129719142047	0.5681787376945577	0.6507063184637826	0.49170114551929517	0.5247373670818697	0.6476513655359469	0.3600569059487088	0.3871268093771949	0.33605838012471223	0.35892039978868673	0.35665818387127457	0.3871268093771949	0.35665818387127457	0.36742910638295917	0.4674494617430158	0.49381424623475567	0.44358920141274144	0.5387616742326323	0.2947277049376913	0.41457721091293775	0.4413629537285431	0.36972207825308945	0.25742503715418985	0.25643595485192794	0.20965248690646726	0.256564681758914	0.24465630714201278	0.2341674623807699	0.19184695112669845	0.27825529882838773
spaGCN_3	0.30103277375655346	0.273762050789017	0.4482663409926765	0.2889801861731089	0.4433448202018915	0.3904015498218628	0.4420236359231446	0.3534681342401393	0.46387709720817305	0.5012665596898507	0.40375490817430126	0.40670882889543203	0.42348890413285534	0.5105661806506764	0.5360963360026012	0.5366718732506137	0.51068740573928	0.4041264197168669	0.40962602284999494	0.5347184791576397	0.5438765827853158	0.48244290749197816	0.8712082212225019	0.0	0.4837626378619772	0.24480856567330656	0.21635301480569777	0.2052127871032284	0.2475987910301378	0.25935492321744996	0.295255001844547	0.24081999692644904	0.29545167521800636	0.48546098382664504	0.6196123558666808	0.5063441220687135	0.5200243388260852	0.5909080660862618	0.45592749231858015	0.4854171845515901	0.5915930919506122	0.3423609560713079	0.36981088375454585	0.3245821739402763	0.3417365095667655	0.34042437812957654	0.36981088375454585	0.34042437812957654	0.3526618053756642	0.42437267079239416	0.44928789833515137	0.4189200789064777	0.48442708704305276	0.2734590260562223	0.37947033374827893	0.40514743278707654	0.3372948135831967	0.2472325882914967	0.24554333691214542	0.1990696943365885	0.2505965472553735	0.23324445229580942	0.22400278996350484	0.18123587974522434	0.26822657380174725
spaGCN_1	0.2332988453397477	0.28413308356950906	0.42480346132923763	0.293792328022392	0.43504790796294884	0.42512989389179784	0.43975248408697426	0.43225723307698427	0.417743488415058	0.5868931674418498	0.4993961054192527	0.42163322713043766	0.4054806012807628	0.4716619032011357	0.6348963726570596	0.6344220063932668	0.4716168744135705	0.5179022265240588	0.505958851593563	0.4799465191289276	0.48393799146725913	0.8867494305015755	0.5138253923750763	0.4837626378619772	0.0	0.3149873745140517	0.23324676957034815	0.28872544377916	0.30742735313322245	0.34501218744910167	0.30636867716138094	0.27046412844489437	0.39000594879729483	0.48286566846405743	0.5455780300804739	0.4953561793015987	0.5041053187306501	0.5621290197158486	0.611383936591102	0.6046069365874285	0.563427445611584	0.39378271189495695	0.4089751437995652	0.40641290671513686	0.39060334635587685	0.38723808573173873	0.4089751437995652	0.38723808573173873	0.3871303919098083	0.5470623566600387	0.5054722567877511	0.36117569328481125	0.49984531009709476	0.359982865012508	0.49576249565003405	0.4224133267938608	0.4142975922679174	0.22326789392302174	0.3101838357681625	0.19740086832361817	0.240317856949992	0.264920505448151	0.23399120737626206	0.20979622700451742	0.2452556867920408
stardust_default	0.28229863309476344	0.3853773966985824	0.2651427664212291	0.3913353919088181	0.2743136752369955	0.2555293911476113	0.27164415522192903	0.2621331926873068	0.25228195478612053	0.3298265410558661	0.28722787018139295	0.23832545873652283	0.31225281383969605	0.25208663933128483	0.32371054879892	0.323628960527916	0.25208379981502116	0.2821880666865009	0.28648267323738397	0.24855895968684724	0.24595589480401944	0.325778309335436	0.2530246097631271	0.24480856567330656	0.3149873745140517	0.0	0.4519476273015032	0.4331491802497147	0.7730440168132303	0.34888496360482746	0.4170798793369371	0.34777824596222834	0.33347546161485697	0.2645131794466481	0.2813978176382833	0.2537778885068798	0.28495170464906283	0.2832775965175813	0.3482886563876744	0.3446120872883488	0.28264626787177694	0.39765061144992436	0.3895385195763434	0.43485403431377534	0.39771486039212495	0.39741340684353677	0.3895385195763434	0.39741340684353677	0.4008204060730561	0.3282430411052312	0.34392139201837507	0.2768919915437755	0.32739111278610905	0.4323147295509883	0.392049707097231	0.37205278102210365	0.3912393759885144	0.23946527395070757	0.25484763439945557	0.21643027899177944	0.22166660022677226	0.2265729001365136	0.24305540043721002	0.21674127015662786	0.2555811506398485
stardust_tutorial	0.25443061755704205	0.3685352194079321	0.23784257880740914	0.4292986016954593	0.27016160372552794	0.23798707667087593	0.25316331129870084	0.2237567670304797	0.2321849741834611	0.3264318209398372	0.3038035602305178	0.2091143965390951	0.3443103526217868	0.25427705921660515	0.3110074516710143	0.31083019982773397	0.2543519322941481	0.2905527180488199	0.29553242333116464	0.23593491256081714	0.23236480663056652	0.23914400695012206	0.23165869445206413	0.21635301480569777	0.23324676957034815	0.4519476273015032	0.0	0.553631209527594	0.4620853869763487	0.38120902573310134	0.5128422612583508	0.4504041187063651	0.45856745293379836	0.24874856108102125	0.26409939117328773	0.2423587539561847	0.28112465563782874	0.2573390286920209	0.33920558779356946	0.332942649233289	0.25464583803557134	0.3333974694619296	0.3086258714435293	0.3131047932896059	0.33271429926944557	0.3352188939307682	0.3086258714435293	0.3352188939307682	0.32082026861578694	0.31488772668836623	0.3223620711258756	0.31254489547367637	0.31141126232912586	0.4287805331336997	0.41704175591785947	0.41679297487255035	0.32598475726405524	0.27227200445629707	0.24657735950979648	0.23481486109446034	0.25180579824094634	0.24602346530863695	0.23877136233083593	0.23887625441384655	0.2810890593963183
stardust_2	0.13485262313991037	0.2250628497983611	0.18514530796543288	0.26764303376910203	0.2192477386373548	0.16245414478543574	0.1794792080266176	0.1638428012776278	0.14803914692546233	0.3052371683363328	0.2561772842971129	0.19265710185987595	0.25474947676423837	0.20953044564836598	0.3461589551168229	0.3455660031167832	0.20940044702557686	0.251426424983799	0.25753501940886175	0.20194735408207046	0.2007593084816857	0.2986565366873357	0.21891991481955617	0.2052127871032284	0.28872544377916	0.4331491802497147	0.553631209527594	0.0	0.4140193021262383	0.3577842019790286	0.4110135135558639	0.34443362520717924	0.4133532522897933	0.1911245325492502	0.23882964886358843	0.18569819497167697	0.2697643375518952	0.2345164698433966	0.36012072589389366	0.3550748109768203	0.23514129881688126	0.3217910872577076	0.33663620748261125	0.3493344387490383	0.3201065248332697	0.3220603915777679	0.33663620748261125	0.3220603915777679	0.33210898731933214	0.36858686082845404	0.3163658326101378	0.2528871824311889	0.287299081817696	0.37945452374989364	0.3998939497521722	0.32390994416399893	0.32950086264953315	0.22138118108363708	0.2797189649998288	0.20187045876788948	0.23255622441776616	0.24978466617907188	0.21125103233719228	0.217757064697056	0.24118082641698646
stardust_1	0.29620448830329205	0.42493083832586104	0.27423780575100326	0.4382883037482884	0.28683967131694205	0.24668345010320789	0.2665127281309075	0.26040074364737126	0.2545803176728843	0.34933648664145855	0.30649260947462026	0.22503225001501984	0.33203443768396057	0.2481323719186789	0.3344713177013117	0.3341450451703027	0.2481615916425455	0.3067206833850202	0.3098065327867782	0.24624390513857117	0.24436741760334557	0.31994110172609047	0.2600495555759374	0.2475987910301378	0.30742735313322245	0.7730440168132303	0.4620853869763487	0.4140193021262383	0.0	0.3501047754577281	0.42151331911962847	0.34146740183957214	0.3368569670955111	0.2674443006095032	0.28193795660428295	0.2549832567555429	0.30614453454715757	0.28388195393360527	0.36265536650961944	0.35762196419269526	0.2844286854781449	0.43113449278942323	0.4188364634474723	0.4485963805905676	0.4308685949417941	0.4372643963203642	0.4188364634474723	0.4372643963203642	0.43089684683527635	0.3324773158502639	0.36276668001225126	0.29412765321092044	0.3564130193602814	0.42781498055321004	0.37362698496190255	0.36093796264678435	0.36790431912685334	0.26034027329296006	0.2538310364994809	0.2363009327213128	0.22828377871403877	0.23569247661358347	0.2692422429548821	0.22400054793661275	0.27381528315833686
SpaceFlow_default	0.2405529541489815	0.34411630023833323	0.31492126146588584	0.387214325036895	0.35325140499636354	0.3474168348967308	0.34830641251674144	0.3386628166372829	0.2915431321660404	0.4040233983038659	0.41908776434963607	0.21953115249413255	0.37398793202363184	0.31845184393796694	0.4063808974151389	0.40553828871409775	0.3180915210388979	0.412097943460409	0.4171370100143343	0.3247447487032284	0.32496174676397943	0.361478235537389	0.2773476709353363	0.25935492321744996	0.34501218744910167	0.34888496360482746	0.38120902573310134	0.3577842019790286	0.3501047754577281	0.0	0.4568749673716916	0.4588368255763063	0.6843201055265562	0.3333659159195004	0.31653584670110657	0.3213014195061632	0.3393772181453606	0.32410186902046284	0.44029366833732136	0.43382880377653626	0.32576179421468554	0.3251238166612299	0.3303014511998421	0.3342583285903954	0.32262881804685756	0.3266609022648939	0.3303014511998421	0.3266609022648939	0.32082140480337973	0.3960305375848293	0.4463160138233946	0.37294404094907047	0.40387098780949265	0.488204120374761	0.42439523264094586	0.39059611821893486	0.43239128204448796	0.2564907585358913	0.2952960079972001	0.23353388943990216	0.27377869486515855	0.2538164661225979	0.247494462653126	0.2374583608503063	0.2727793254108117
SpaceFlow_2	0.3238087290078092	0.3884338539026804	0.35230794436541474	0.44418120984128867	0.40942517117558297	0.27968569752901223	0.37220483528296766	0.2620053539467805	0.3524595480734576	0.4611713420058825	0.441412398523462	0.24092482223084125	0.45801530183293354	0.37685535791246044	0.4398625030181126	0.43902901929397387	0.37685294091892935	0.40976026442852326	0.42146292172100935	0.339762569878366	0.33930452994949467	0.3202701721818591	0.3253436237226323	0.295255001844547	0.30636867716138094	0.4170798793369371	0.5128422612583508	0.4110135135558639	0.42151331911962847	0.4568749673716916	0.0	0.46721840470725184	0.5897706873585451	0.37563707100270743	0.37358041267030084	0.3498934112218464	0.4141517616101244	0.38712417925340903	0.48532902022100716	0.49744276517228997	0.38261991697729153	0.33938811174473804	0.34773485721693154	0.3154544735978247	0.3371318419050113	0.33942547925735544	0.34773485721693154	0.33942547925735544	0.339145411349943	0.42343174531679967	0.5195101434175309	0.46620932050302677	0.4734509326128638	0.3799828381748848	0.3842858946301246	0.3693008510077921	0.4181695543895987	0.3206390848939329	0.28093231879447683	0.28583162059531186	0.29155265587068085	0.30351743817560906	0.28615476613203383	0.2770513006818393	0.33535338976377044
