	label	SEDR_default	SEDR_2	SEDR_dlpfc	SEDR_1	STAGATE_starmap	STAGATE_default	STAGATE_slide_stereo	STAGATE_1	bass_starmap	bass_default	bass_dlpfc	bass_1	spaGCN_default	spaGCN_2	spaGCN_3	spaGCN_1	SpaceFlow_default	SpaceFlow_2	SpaceFlow_3	SpaceFlow_1	DRSC_default	DRSC_FindSVGs	DRSC_all_genes	DRSC_FindVariableFeatures	precast_default	precast_dlpfc	precast_1	precast_BC	seurat-louvain_louvain_3	seurat-leiden_leiden_4	seurat-leiden_leiden_1	seurat-louvain_louvain_1	seurat-louvain_louvain_4	seurat-leiden_leiden_2	seurat-louvain_louvain_2	seurat-leiden_leiden_3	CellCharter_default	CellCharter_2	CellCharter_dlpfc	CellCharter_1	BANKSY_starmap	BANKSY_default	BANKSY_github	BANKSY_dlpfc	scanpy-louvain_louvain_3	scanpy-leiden_leiden_4	scanpy-leiden_leiden_1	scanpy-louvain_louvain_1	scanpy-louvain_louvain_4	scanpy-leiden_leiden_2	scanpy-louvain_louvain_2	scanpy-leiden_leiden_3
label	0.0	0.624973154564465	0.6328773045257983	0.4424559610527532	0.6154265980387927	0.4915321182308182	0.39914451973532544	0.17542941383345617	0.5560026593614091	0.427879004625009	0.5381177280601633	0.4946711619446125	0.47432943558411994	0.308980054270495	0.25798255367191675	0.25798255367191675	0.2280267132918145	0.49694407061100354	0.4845499773706565	0.5687069181978673	0.688094786900346	0.24703271176540614	0.3825437006058517	0.24703271176540614	0.3231202615578448	0.2615686225617477	0.24852958164330982	0.23948262835420187	0.24852958164330982	0.06953937195204007	0.16588469148432597	0.13380031084759428	0.06949562490505834	0.1577452549667162	0.16588469148432597	0.1577452549667162	0.12989730031652574	0.5565784658658153	0.6718137863176703	0.4299171700732103	0.6110398314714376	0.7109761096406417	0.5906141831469702	0.5941386397924951	0.6054781323126747	0.16443465634826954	0.16562309683737245	0.16720196668534443	0.16467594636798125	0.16326734575760649	0.16896305795325492	0.16906320581147752	0.16545257888717382
SEDR_default	0.624973154564465	0.0	0.8640542824974851	0.5590225172943621	0.8758251689273392	0.6789401649213374	0.5593805207164032	0.23053683982632603	0.592770850460029	0.4763966864953783	0.6281725748176391	0.5617961622060167	0.5404206604108839	0.32203231360945295	0.2634139995225424	0.2634139995225424	0.2739635157634038	0.4766985404707612	0.464967573029237	0.46783201337446806	0.5779505568136507	0.29972399292206187	0.42568733377706885	0.29972399292206187	0.3631789204207452	0.31630083595470476	0.3008945827422979	0.28930554490568594	0.3008945827422979	0.05628293446369517	0.2238746996125731	0.1776829450382925	0.0561641892142187	0.18956200171818974	0.2238746996125731	0.18956200171818974	0.17337802083424453	0.542216321302406	0.642578642254035	0.4283445431392672	0.6021484667199734	0.5302942419757138	0.6248862632728781	0.6230620369619466	0.6213291510428581	0.21669538121394033	0.22198066615487058	0.22009288804473917	0.21722981931071036	0.21385014469652983	0.22206979012044753	0.2251629960509065	0.21913651951776195
SEDR_2	0.6328773045257983	0.8640542824974851	0.0	0.5464447389508938	0.8798441896332488	0.7174903479424389	0.5268465598143564	0.2255424135946521	0.6020854942334312	0.45925885644223907	0.6281710135506688	0.5445244803668439	0.5196818412239615	0.31584538883764324	0.2502467141521657	0.2502467141521657	0.2601976120312108	0.4742954841216773	0.45520262281969054	0.45872458306916614	0.568945269527461	0.2814050654269682	0.4049983057914085	0.2814050654269682	0.3460551251600803	0.30058307021377384	0.28597239790702955	0.2746082182266739	0.28597239790702955	0.05906995761929796	0.2101834467254329	0.17178582799747538	0.058969179247166284	0.1826304789851799	0.2101834467254329	0.1826304789851799	0.1676569485689997	0.5513530941771855	0.65865737064029	0.41857300834155714	0.597288503106934	0.5314743048253178	0.6456328099041797	0.6421574539706617	0.6428500545639896	0.20643793470845004	0.2114626073138718	0.20969638543878102	0.20705938976264776	0.20409708921048056	0.21176501602614572	0.21470631923979897	0.20875596164285126
SEDR_dlpfc	0.4424559610527532	0.5590225172943621	0.5464447389508938	0.0	0.5476765637854081	0.552951740287389	0.4697741578752468	0.1681715442302974	0.5228808207364892	0.42651334660709717	0.43842083253115616	0.45465563379711127	0.4337596392467906	0.26275515342786704	0.18455291565368873	0.18455291565368873	0.1691017458697582	0.41751213906154633	0.3962517705197913	0.33575949890116424	0.3805568986328416	0.30213619670966163	0.2884240876975409	0.30213619670966163	0.23559137117212706	0.20376606134955433	0.19620077673720832	0.18276947507871072	0.19620077673720832	0.06880345913466573	0.15040368115408712	0.1316301194561497	0.0686647424022857	0.13304790628824942	0.15040368115408712	0.13304790628824942	0.1313054839655897	0.46588242759678	0.4503762241283739	0.36359645922352357	0.4191924284073092	0.3770197212354208	0.425032692398906	0.42084590850750303	0.4342429047207884	0.15846537483070322	0.16151700748374045	0.1588153253582	0.1587792918272538	0.15626494429062368	0.16009221929533005	0.16380694715829508	0.1589579374035432
SEDR_1	0.6154265980387927	0.8758251689273392	0.8798441896332488	0.5476765637854081	0.0	0.6854498500666132	0.5404432962824812	0.22865536209941337	0.5965711501700925	0.45464048170393934	0.6235815814104765	0.5490237829444758	0.5281313943318237	0.3131047969740903	0.25642780271876886	0.25642780271876886	0.26090549892963144	0.4626789337027156	0.44002212774963423	0.4413355306305639	0.5522443360983244	0.2911500853967219	0.4085065687946718	0.2911500853967219	0.352007762958081	0.3097326082399567	0.2945607272469143	0.2816109355646544	0.2945607272469143	0.05678659343692441	0.22177808314569333	0.17462065536152938	0.05659120794533704	0.18207501937184073	0.22177808314569333	0.18207501937184073	0.1706216486689124	0.5363051700103326	0.6470104068828355	0.40851879932679264	0.5864919015045633	0.5157789796013437	0.6467123299059537	0.6444229361703636	0.641620196628207	0.20765440853471553	0.21316176393818387	0.21053799611163707	0.2080262996562552	0.20485310399276627	0.2131266225576661	0.2161612517605804	0.20969045423613644
STAGATE_starmap	0.4915321182308182	0.6789401649213374	0.7174903479424389	0.552951740287389	0.6854498500666132	0.0	0.6356365018957052	0.1816822173038916	0.42230172160501933	0.472728270290652	0.4568577092391298	0.500025957737585	0.47607803253056696	0.28617566052937604	0.18807120532918356	0.18807120532918356	0.1987697175173658	0.46923973978541833	0.47624109218907273	0.3683536942183163	0.45130285299336154	0.3077687785103193	0.32806124921558155	0.3077687785103193	0.27999062415756504	0.23946232526849076	0.22929735126818415	0.2150606874208273	0.22929735126818415	0.019043565815147705	0.16707783195961018	0.1400031955636232	0.01895825419085867	0.13899329764003512	0.16707783195961018	0.13899329764003512	0.13654618006887279	0.5705324285448792	0.5063290216719692	0.3374191222452194	0.48920620397863657	0.39179771470383773	0.47088863522602037	0.46998750311398657	0.4650247376127812	0.16515750940567986	0.16979530684799995	0.16902693826498566	0.16556487061905614	0.16336854558254965	0.1694868434644851	0.17209275662849524	0.16804572330898807
STAGATE_default	0.39914451973532544	0.5593805207164032	0.5268465598143564	0.4697741578752468	0.5404432962824812	0.6356365018957052	0.0	0.21268877694767524	0.38193725671364853	0.4973949595127937	0.47745995179520495	0.50154568273207	0.491797088311714	0.34696364048268724	0.2360656594352124	0.2360656594352124	0.26690382965438486	0.36569166046655427	0.37505827276148523	0.29653986829710505	0.3538182181211557	0.3290151139521313	0.3369010427759327	0.3290151139521313	0.35980236608826166	0.27374692317708316	0.263712634739534	0.2997438794755026	0.263712634739534	0.01169647782328603	0.25162753993786213	0.20504428334117206	0.011657415115295413	0.1973155126630229	0.25162753993786213	0.1973155126630229	0.2010153815391059	0.47138599587187857	0.4234852182645612	0.3576935043544875	0.41961651339001493	0.3137213606994048	0.38898782382546787	0.3881516450644896	0.3794207132395936	0.19186547474102497	0.19825297440173054	0.19593107678361416	0.19259708216495028	0.19022438065698088	0.19681129904362568	0.19999430706172983	0.19476066042910473
STAGATE_slide_stereo	0.17542941383345617	0.23053683982632603	0.2255424135946521	0.1681715442302974	0.22865536209941337	0.1816822173038916	0.21268877694767524	0.0	0.23651697162878324	0.17368246528272963	0.17331755415136083	0.1949429377076828	0.20034448382574482	0.26125056442972144	0.4550933779311745	0.4550933779311745	0.46529246439976807	0.1773200963270745	0.17217276024793335	0.16959625694547403	0.19716844202524375	0.28718742263229796	0.37973513910327955	0.28718742263229796	0.361898540863433	0.4840044278838702	0.4808516530705414	0.4269266282696964	0.4808516530705414	0.0604703478393476	0.5421369948868298	0.7730615624697348	0.06055565854664556	0.5773658683292918	0.5421369948868298	0.5773658683292918	0.7651485064401501	0.17695648695308078	0.18759479670011647	0.22932702378750078	0.18463201422379225	0.1779018992707145	0.2935307631814562	0.2930765481792671	0.28156372077616026	0.8420649982528924	0.8378027936290429	0.8485478514543937	0.8472244429576602	0.8426947429719106	0.8509190004332221	0.831907601307604	0.8477544143338301
STAGATE_1	0.5560026593614091	0.592770850460029	0.6020854942334312	0.5228808207364892	0.5965711501700925	0.42230172160501933	0.38193725671364853	0.23651697162878324	0.0	0.4002448750504583	0.5601848599276503	0.45044235945341754	0.43923889603529515	0.4158877574650659	0.2514349290981561	0.2514349290981561	0.2615982342723733	0.5895777354073017	0.5471923878316092	0.5798998009027381	0.6490616442511906	0.2767391516598941	0.3823709153255884	0.2767391516598941	0.3202185612190245	0.2816828667577046	0.2691685974360764	0.2589635473159246	0.2691685974360764	0.11537776815866867	0.19608310417670677	0.18840584827953866	0.11513879898870358	0.20810549916748936	0.19608310417670677	0.20810549916748936	0.18438778214217497	0.42591878336973804	0.529697177215182	0.4745611113820689	0.564686317960028	0.6272555681600211	0.727491064550862	0.7223873096071212	0.7376750424221243	0.2151474277611904	0.22273649578570306	0.21851228345647805	0.21496510414512848	0.21491066861599628	0.22087497626672406	0.22631749657295103	0.21724385152861445
bass_starmap	0.427879004625009	0.4763966864953783	0.45925885644223907	0.42651334660709717	0.45464048170393934	0.472728270290652	0.4973949595127937	0.17368246528272963	0.4002448750504583	0.0	0.7070073328474803	0.5795874278847246	0.5551487988599841	0.382151329143191	0.24193570190890834	0.24193570190890834	0.26591752127332363	0.5141870273618179	0.533348331590292	0.417418125249885	0.41182319961787783	0.37068792675588047	0.3633208299482704	0.37068792675588047	0.381312667706735	0.27065541566056606	0.25976669178946077	0.2887284794625721	0.25976669178946077	0.027602486677039705	0.2640309813039771	0.16313387062085055	0.027514717526359596	0.263063308559887	0.2640309813039771	0.263063308559887	0.1593876869185427	0.5687386970245214	0.46678991640130285	0.46093451157466986	0.4639525263757658	0.39487045828441214	0.4030674278645759	0.4021829438235523	0.41167240002354666	0.1569551471085956	0.16040427882244226	0.16087899051716517	0.15775307670424854	0.15458206555340565	0.16170169751430122	0.16242847389152007	0.15982051119729804
bass_default	0.5381177280601633	0.6281725748176391	0.6281710135506688	0.43842083253115616	0.6235815814104765	0.4568577092391298	0.47745995179520495	0.17331755415136083	0.5601848599276503	0.7070073328474803	0.0	0.522539278195267	0.5103854981483862	0.3739329773936435	0.2656973816806497	0.2656973816806497	0.30660837728054663	0.40326666957732427	0.38473943360052226	0.41343590021107335	0.4886409507074782	0.2897779435050847	0.40108419971532755	0.2897779435050847	0.4319430425142971	0.29758052945911134	0.28240245456748864	0.33607220242422264	0.28240245456748864	0.01866444812712831	0.31534691620824273	0.17029002649560904	0.01848278868587261	0.2995579461717672	0.31534691620824273	0.2995579461717672	0.1653703060617054	0.45859644519876847	0.5840655962905021	0.5680824677448187	0.5624271891000903	0.4785104270155308	0.5495302955453621	0.547995241165743	0.5601286560107782	0.15474764369296382	0.1566393277891622	0.1587522778969268	0.15567262145030952	0.15198047810504642	0.16066434931700627	0.16041944077511683	0.15742293665415386
bass_dlpfc	0.4946711619446125	0.5617961622060167	0.5445244803668439	0.45465563379711127	0.5490237829444758	0.500025957737585	0.50154568273207	0.1949429377076828	0.45044235945341754	0.5795874278847246	0.522539278195267	0.0	0.8937577076788596	0.3341709863162126	0.2254472884294139	0.2254472884294139	0.2606575858576046	0.4360793483403219	0.45658473791921234	0.3930106131022628	0.42482744175174814	0.3201321421182316	0.34488255523736466	0.3201321421182316	0.3320734831727059	0.24306453290640706	0.23338518108304218	0.2587215727294126	0.23338518108304218	0.042273643891336435	0.18964487205192868	0.1774838306285744	0.042212199977791166	0.19897579439825858	0.18964487205192868	0.19897579439825858	0.17491601321111125	0.5290665729482021	0.5171920152032287	0.3672436608288682	0.48287265296177956	0.41067090209221335	0.4715683542000891	0.4688390532004494	0.46620447365835294	0.17806570976269143	0.18590430161373336	0.18052935222426553	0.17847794270360162	0.17568318372830233	0.18198483009790997	0.18773808692055707	0.18004519663964366
bass_1	0.47432943558411994	0.5404206604108839	0.5196818412239615	0.4337596392467906	0.5281313943318237	0.47607803253056696	0.491797088311714	0.20034448382574482	0.43923889603529515	0.5551487988599841	0.5103854981483862	0.8937577076788596	0.0	0.33669153590250006	0.24125790190127078	0.24125790190127078	0.27258650746087354	0.4136354489977322	0.43129546464253854	0.37442674237774487	0.40972773125480133	0.3286418362821515	0.3599523891010514	0.3286418362821515	0.34591002326793835	0.257951304772391	0.24811733309919073	0.27284596802070477	0.24811733309919073	0.044487735958626054	0.20069920667436378	0.1834222375693686	0.044460362869012206	0.20915672799551932	0.20069920667436378	0.20915672799551932	0.18093476608099088	0.5035262792786088	0.4975738571704882	0.35924016299279166	0.46658403659931785	0.39353791335686555	0.4486638376604629	0.4458806335882144	0.4438813840402487	0.18621473923237988	0.19379107266802087	0.1884132883813325	0.18645864141652596	0.1832081827629979	0.18952407485478892	0.19543766091828313	0.1879923456155225
spaGCN_default	0.308980054270495	0.32203231360945295	0.31584538883764324	0.26275515342786704	0.3131047969740903	0.28617566052937604	0.34696364048268724	0.26125056442972144	0.4158877574650659	0.382151329143191	0.3739329773936435	0.3341709863162126	0.33669153590250006	0.0	0.27651947800773247	0.27651947800773247	0.39477400851809263	0.35464847319520026	0.3484704162059574	0.3241345148384631	0.3503626480308405	0.27441428910509563	0.33518866287540644	0.27441428910509563	0.37043274772310664	0.2961354485432972	0.2872812103408977	0.33082158819438184	0.2872812103408977	0.12618263305593308	0.2575724784128089	0.2547147153831042	0.12610829334733312	0.30676295842954154	0.2575724784128089	0.30676295842954154	0.2483005983635361	0.3376398687814168	0.3217225798028749	0.340772108282289	0.2899372588608179	0.3267456106962796	0.36408928607081825	0.3608930279464965	0.364883265116094	0.24274683962669363	0.2521028577285154	0.24903291692580337	0.24374843234637542	0.24501282469366556	0.2522782107321481	0.2517772561617932	0.2479359347695604
spaGCN_2	0.25798255367191675	0.2634139995225424	0.2502467141521657	0.18455291565368873	0.25642780271876886	0.18807120532918356	0.2360656594352124	0.4550933779311745	0.2514349290981561	0.24193570190890834	0.2656973816806497	0.2254472884294139	0.24125790190127078	0.27651947800773247	0.0	1.0	0.4172563764968302	0.18305091061008008	0.17769369162669618	0.2014481410732385	0.24148247173491083	0.3475420388516753	0.5119577252857509	0.3475420388516753	0.461841226081719	0.5442178717429773	0.5340353639270953	0.5149521598646156	0.5340353639270953	0.08949345893743299	0.5208907412828062	0.3899024110006177	0.08944403280618253	0.4001273224799383	0.5208907412828062	0.4001273224799383	0.38397695158760836	0.20620927833772443	0.2641315864368134	0.2717262394858854	0.26120992958970796	0.23207326392077218	0.23545410019612856	0.23540691791608076	0.23232412709675943	0.4357229374576979	0.4345210830616073	0.44007432331064805	0.43820839267664	0.43445642364766657	0.444797380927348	0.43090444010529305	0.43826107166100237
spaGCN_3	0.25798255367191675	0.2634139995225424	0.2502467141521657	0.18455291565368873	0.25642780271876886	0.18807120532918356	0.2360656594352124	0.4550933779311745	0.2514349290981561	0.24193570190890834	0.2656973816806497	0.2254472884294139	0.24125790190127078	0.27651947800773247	1.0	0.0	0.4172563764968302	0.18305091061008008	0.17769369162669618	0.2014481410732385	0.24148247173491083	0.3475420388516753	0.5119577252857509	0.3475420388516753	0.461841226081719	0.5442178717429773	0.5340353639270953	0.5149521598646156	0.5340353639270953	0.08949345893743299	0.5208907412828062	0.3899024110006177	0.08944403280618253	0.4001273224799383	0.5208907412828062	0.4001273224799383	0.38397695158760836	0.20620927833772443	0.2641315864368134	0.2717262394858854	0.26120992958970796	0.23207326392077218	0.23545410019612856	0.23540691791608076	0.23232412709675943	0.4357229374576979	0.4345210830616073	0.44007432331064805	0.43820839267664	0.43445642364766657	0.444797380927348	0.43090444010529305	0.43826107166100237
spaGCN_1	0.2280267132918145	0.2739635157634038	0.2601976120312108	0.1691017458697582	0.26090549892963144	0.1987697175173658	0.26690382965438486	0.46529246439976807	0.2615982342723733	0.26591752127332363	0.30660837728054663	0.2606575858576046	0.27258650746087354	0.39477400851809263	0.4172563764968302	0.4172563764968302	0.0	0.20949537498826346	0.20586580060333598	0.20769054155952588	0.23811150175955656	0.2758602529732797	0.4077402009463924	0.2758602529732797	0.4471779128192463	0.3950926566373695	0.38351733590631176	0.4307882553371439	0.38351733590631176	0.15818066372517448	0.3734564359763601	0.44639500132537957	0.15820279981365637	0.498485361489247	0.3734564359763601	0.498485361489247	0.4382695958528591	0.21957515969434252	0.23557594121648348	0.3117207304679545	0.23397581675361495	0.22764632061150977	0.2842795575107652	0.28418549247952674	0.27435155065302447	0.45305287317869786	0.45113606656817956	0.4548351280511233	0.45644898625969726	0.45318659050742993	0.459957792172263	0.447406767846347	0.45252151576378247
SpaceFlow_default	0.49694407061100354	0.4766985404707612	0.4742954841216773	0.41751213906154633	0.4626789337027156	0.46923973978541833	0.36569166046655427	0.1773200963270745	0.5895777354073017	0.5141870273618179	0.40326666957732427	0.4360793483403219	0.4136354489977322	0.35464847319520026	0.18305091061008008	0.18305091061008008	0.20949537498826346	0.0	0.8462795535736986	0.72121990756146	0.755428611124247	0.3061899030217014	0.311060562092659	0.3061899030217014	0.27240560618715853	0.22930567780473854	0.2205291887903396	0.19547635006215883	0.2205291887903396	0.03794946407210052	0.1511740463683034	0.13960559819497734	0.03796137528015345	0.1609027384983346	0.1511740463683034	0.1609027384983346	0.13605630006107905	0.6366572271325446	0.4461312786144609	0.4099571297647981	0.5076531468316264	0.6479602346974703	0.6209455310838774	0.6194231446407398	0.6452076803523972	0.16019592031228091	0.16673390965811896	0.16332131005880654	0.1605355824284371	0.15917041544784197	0.1644515556612788	0.16805921437668705	0.1619906177483301
SpaceFlow_2	0.4845499773706565	0.464967573029237	0.45520262281969054	0.3962517705197913	0.44002212774963423	0.47624109218907273	0.37505827276148523	0.17217276024793335	0.5471923878316092	0.533348331590292	0.38473943360052226	0.45658473791921234	0.43129546464253854	0.3484704162059574	0.17769369162669618	0.17769369162669618	0.20586580060333598	0.8462795535736986	0.0	0.761072031762454	0.7462347240636338	0.315226472871604	0.3036807579617583	0.315226472871604	0.26804966089302884	0.2250775681085744	0.2165776870236134	0.19068908955880196	0.2165776870236134	0.03544947125082969	0.14744504110912202	0.1359195802278471	0.03546860978732526	0.15676240225297047	0.14744504110912202	0.15676240225297047	0.13182603646057886	0.5831941016546147	0.41908612895806846	0.41293895502457306	0.5000266058408745	0.6766980345425498	0.5905209408273414	0.5887859958022681	0.6085679751701488	0.15605435520203842	0.1624803819241843	0.1594619263151169	0.15615855631185602	0.1549737969410696	0.1602137026647748	0.16406273643586936	0.15792480652373386
SpaceFlow_3	0.5687069181978673	0.46783201337446806	0.45872458306916614	0.33575949890116424	0.4413355306305639	0.3683536942183163	0.29653986829710505	0.16959625694547403	0.5798998009027381	0.417418125249885	0.41343590021107335	0.3930106131022628	0.37442674237774487	0.3241345148384631	0.2014481410732385	0.2014481410732385	0.20769054155952588	0.72121990756146	0.761072031762454	0.0	0.7533951935089854	0.25527035354973804	0.32161698956429796	0.25527035354973804	0.26635730683598424	0.22615223429256895	0.21697616447607	0.19166956930835521	0.21697616447607	0.046388596468252226	0.14314255921973457	0.13188442657147623	0.046393711970862235	0.15484078274759902	0.14314255921973457	0.15484078274759902	0.1282911446712862	0.5121270302896478	0.5023229071528147	0.4227839051248726	0.5546919549753005	0.7615768480893451	0.6087471644631197	0.6105974472373046	0.6328217522022711	0.1541752670009081	0.1596616104032728	0.1565647054940223	0.15442150201659052	0.15270171560816573	0.1577666261729876	0.1615593098299257	0.15498862589853513
SpaceFlow_1	0.688094786900346	0.5779505568136507	0.568945269527461	0.3805568986328416	0.5522443360983244	0.45130285299336154	0.3538182181211557	0.19716844202524375	0.6490616442511906	0.41182319961787783	0.4886409507074782	0.42482744175174814	0.40972773125480133	0.3503626480308405	0.24148247173491083	0.24148247173491083	0.23811150175955656	0.755428611124247	0.7462347240636338	0.7533951935089854	0.0	0.26047211928137737	0.37086656251462086	0.26047211928137737	0.30301673140052593	0.25926166046212346	0.24794190416923825	0.22181817063674994	0.24794190416923825	0.04743648002004633	0.16963446700518786	0.15406534940538635	0.04747587794701108	0.1778125596909182	0.16963446700518786	0.1778125596909182	0.14919470495037787	0.49611171735939846	0.5837880891973252	0.45350433749023983	0.6371780124802493	0.8177366323046298	0.6929768208488908	0.6937469436918157	0.7093257306047264	0.17949013936450847	0.18577743846897762	0.18292961490228718	0.17985808106533022	0.17769565667422996	0.18408073458163327	0.18797421672872788	0.1809814345535594
DRSC_default	0.24703271176540614	0.29972399292206187	0.2814050654269682	0.30213619670966163	0.2911500853967219	0.3077687785103193	0.3290151139521313	0.28718742263229796	0.2767391516598941	0.37068792675588047	0.2897779435050847	0.3201321421182316	0.3286418362821515	0.27441428910509563	0.3475420388516753	0.3475420388516753	0.2758602529732797	0.3061899030217014	0.315226472871604	0.25527035354973804	0.26047211928137737	0.0	0.4250558889824152	1.0	0.38333677870994226	0.4119016362250272	0.4069044449991385	0.3444923913504609	0.4069044449991385	0.034560095081503824	0.34084901770861886	0.24791836917203328	0.0345742272225687	0.27713199438104014	0.34084901770861886	0.27713199438104014	0.245457535059924	0.32926401968420166	0.2556511184542605	0.2736563531366761	0.2722519807483222	0.24485039942431655	0.27529561613532516	0.2751279142186648	0.2835482247917224	0.2856399861057263	0.28530274208344647	0.2894719837272358	0.28649927810674336	0.2828481424636439	0.29000790431040135	0.2874442137661237	0.2865984710691284
DRSC_FindSVGs	0.3825437006058517	0.42568733377706885	0.4049983057914085	0.2884240876975409	0.4085065687946718	0.32806124921558155	0.3369010427759327	0.37973513910327955	0.3823709153255884	0.3633208299482704	0.40108419971532755	0.34488255523736466	0.3599523891010514	0.33518866287540644	0.5119577252857509	0.5119577252857509	0.4077402009463924	0.311060562092659	0.3036807579617583	0.32161698956429796	0.37086656251462086	0.4250558889824152	0.0	0.4250558889824152	0.6106849106766427	0.5594047851019066	0.5430108937465957	0.5318020438191042	0.5430108937465957	0.06858834237154382	0.40748549607529644	0.30817990122020517	0.06853469435459325	0.3602156386382531	0.40748549607529644	0.3602156386382531	0.3032549452946745	0.33647418440804705	0.3868436445432609	0.3759385524637801	0.39151932751138846	0.36899511347345065	0.3743290979540218	0.3736315184377669	0.371034237196578	0.3643145252229987	0.3631466670260507	0.3708051210350978	0.3681267608516666	0.3629738095799092	0.3727914864387796	0.3632786785905717	0.3682183383741251
DRSC_all_genes	0.24703271176540614	0.29972399292206187	0.2814050654269682	0.30213619670966163	0.2911500853967219	0.3077687785103193	0.3290151139521313	0.28718742263229796	0.2767391516598941	0.37068792675588047	0.2897779435050847	0.3201321421182316	0.3286418362821515	0.27441428910509563	0.3475420388516753	0.3475420388516753	0.2758602529732797	0.3061899030217014	0.315226472871604	0.25527035354973804	0.26047211928137737	1.0	0.4250558889824152	0.0	0.38333677870994226	0.4119016362250272	0.4069044449991385	0.3444923913504609	0.4069044449991385	0.034560095081503824	0.34084901770861886	0.24791836917203328	0.0345742272225687	0.27713199438104014	0.34084901770861886	0.27713199438104014	0.245457535059924	0.32926401968420166	0.2556511184542605	0.2736563531366761	0.2722519807483222	0.24485039942431655	0.27529561613532516	0.2751279142186648	0.2835482247917224	0.2856399861057263	0.28530274208344647	0.2894719837272358	0.28649927810674336	0.2828481424636439	0.29000790431040135	0.2874442137661237	0.2865984710691284
DRSC_FindVariableFeatures	0.3231202615578448	0.3631789204207452	0.3460551251600803	0.23559137117212706	0.352007762958081	0.27999062415756504	0.35980236608826166	0.361898540863433	0.3202185612190245	0.381312667706735	0.4319430425142971	0.3320734831727059	0.34591002326793835	0.37043274772310664	0.461841226081719	0.461841226081719	0.4471779128192463	0.27240560618715853	0.26804966089302884	0.26635730683598424	0.30301673140052593	0.38333677870994226	0.6106849106766427	0.38333677870994226	0.0	0.6050055714979223	0.5968291325501147	0.6947488335709874	0.5968291325501147	0.04880728304994847	0.4954937898808194	0.35904797549554146	0.04881866450466633	0.42570359099807303	0.4954937898808194	0.42570359099807303	0.35672252668945587	0.3016964266511443	0.32505106733146943	0.4250113366858297	0.32944010129472134	0.28462816552439224	0.32048150789898705	0.3205383670565999	0.3192811072141946	0.35259322020760814	0.34779667725913904	0.3625601324620509	0.35063437527528035	0.35006321893060166	0.359471815675532	0.3509467007666726	0.35818069705567906
precast_default	0.2615686225617477	0.31630083595470476	0.30058307021377384	0.20376606134955433	0.3097326082399567	0.23946232526849076	0.27374692317708316	0.4840044278838702	0.2816828667577046	0.27065541566056606	0.29758052945911134	0.24306453290640706	0.257951304772391	0.2961354485432972	0.5442178717429773	0.5442178717429773	0.3950926566373695	0.22930567780473854	0.2250775681085744	0.22615223429256895	0.25926166046212346	0.4119016362250272	0.5594047851019066	0.4119016362250272	0.6050055714979223	0.0	0.9549477445418425	0.7299876620080035	0.9549477445418425	0.06153566780846715	0.5940343928249433	0.4306862101477867	0.06157305342706242	0.4453641315569436	0.5940343928249433	0.4453641315569436	0.4260581891190673	0.2550175336326445	0.27762087012803444	0.33070655010561684	0.27948757639187655	0.2439776507229392	0.28431886863039046	0.28424094803921063	0.2894303907667339	0.4935753032412078	0.48643718129605673	0.4976047647801889	0.4930674977012859	0.48830441794746443	0.49735041085279524	0.48655181874515	0.4956060585113883
precast_dlpfc	0.24852958164330982	0.3008945827422979	0.28597239790702955	0.19620077673720832	0.2945607272469143	0.22929735126818415	0.263712634739534	0.4808516530705414	0.2691685974360764	0.25976669178946077	0.28240245456748864	0.23338518108304218	0.24811733309919073	0.2872812103408977	0.5340353639270953	0.5340353639270953	0.38351733590631176	0.2205291887903396	0.2165776870236134	0.21697616447607	0.24794190416923825	0.4069044449991385	0.5430108937465957	0.4069044449991385	0.5968291325501147	0.9549477445418425	0.0	0.7289700826103326	1.0	0.05925503132468513	0.6020113845227948	0.4369368196717717	0.05928524474339357	0.44897318220719634	0.6020113845227948	0.44897318220719634	0.43386177896935263	0.24505500450901252	0.264843902833706	0.31991979039563573	0.2673762504492666	0.23296526678004936	0.2714128245260553	0.2713365080500739	0.27645059347473205	0.4962967720467472	0.48744734052715427	0.49998233027973255	0.49491140679392726	0.4903712310585995	0.4979769859013012	0.48803408136495596	0.4979921774611927
precast_1	0.23948262835420187	0.28930554490568594	0.2746082182266739	0.18276947507871072	0.2816109355646544	0.2150606874208273	0.2997438794755026	0.4269266282696964	0.2589635473159246	0.2887284794625721	0.33607220242422264	0.2587215727294126	0.27284596802070477	0.33082158819438184	0.5149521598646156	0.5149521598646156	0.4307882553371439	0.19547635006215883	0.19068908955880196	0.19166956930835521	0.22181817063674994	0.3444923913504609	0.5318020438191042	0.3444923913504609	0.6947488335709874	0.7299876620080035	0.7289700826103326	0.0	0.7289700826103326	0.048753885521599254	0.5913768695203026	0.423663676772582	0.04875609959980771	0.4653549341337558	0.5913768695203026	0.4653549341337558	0.42239301524902156	0.2217026377511718	0.2511018973960472	0.36370778950415433	0.25063192903106757	0.21068830906487354	0.2556874521578464	0.25563035079451396	0.252165854780803	0.4267205352860137	0.4227379115569353	0.43423263616846847	0.42523489262149067	0.42422723430755144	0.43343882758298313	0.42441116011729074	0.43229488499987906
precast_BC	0.24852958164330982	0.3008945827422979	0.28597239790702955	0.19620077673720832	0.2945607272469143	0.22929735126818415	0.263712634739534	0.4808516530705414	0.2691685974360764	0.25976669178946077	0.28240245456748864	0.23338518108304218	0.24811733309919073	0.2872812103408977	0.5340353639270953	0.5340353639270953	0.38351733590631176	0.2205291887903396	0.2165776870236134	0.21697616447607	0.24794190416923825	0.4069044449991385	0.5430108937465957	0.4069044449991385	0.5968291325501147	0.9549477445418425	1.0	0.7289700826103326	0.0	0.05925503132468513	0.6020113845227948	0.4369368196717717	0.05928524474339357	0.44897318220719634	0.6020113845227948	0.44897318220719634	0.43386177896935263	0.24505500450901252	0.264843902833706	0.31991979039563573	0.2673762504492666	0.23296526678004936	0.2714128245260553	0.2713365080500739	0.27645059347473205	0.4962967720467472	0.48744734052715427	0.49998233027973255	0.49491140679392726	0.4903712310585995	0.4979769859013012	0.48803408136495596	0.4979921774611927
seurat-louvain_louvain_3	0.06953937195204007	0.05628293446369517	0.05906995761929796	0.06880345913466573	0.05678659343692441	0.019043565815147705	0.01169647782328603	0.0604703478393476	0.11537776815866867	0.027602486677039705	0.01866444812712831	0.042273643891336435	0.044487735958626054	0.12618263305593308	0.08949345893743299	0.08949345893743299	0.15818066372517448	0.03794946407210052	0.03544947125082969	0.046388596468252226	0.04743648002004633	0.034560095081503824	0.06858834237154382	0.034560095081503824	0.04880728304994847	0.06153566780846715	0.05925503132468513	0.048753885521599254	0.05925503132468513	0.0	-0.004466801890946393	0.03584341258041649	0.9944419709776179	0.12106457253385866	-0.004466801890946393	0.12106457253385866	0.037478587111412096	0.05160640260198163	0.05908314272319851	0.009740579790312434	0.05202958925654813	0.08276652758135356	0.08077858409116587	0.08088225684475821	0.07464999161218769	0.06074377793200228	0.061232004124514516	0.06063966736060236	0.060600259678916385	0.06141139605973672	0.061031781223647476	0.0613892156493937	0.060208409363164545
seurat-leiden_leiden_4	0.16588469148432597	0.2238746996125731	0.2101834467254329	0.15040368115408712	0.22177808314569333	0.16707783195961018	0.25162753993786213	0.5421369948868298	0.19608310417670677	0.2640309813039771	0.31534691620824273	0.18964487205192868	0.20069920667436378	0.2575724784128089	0.5208907412828062	0.5208907412828062	0.3734564359763601	0.1511740463683034	0.14744504110912202	0.14314255921973457	0.16963446700518786	0.34084901770861886	0.40748549607529644	0.34084901770861886	0.4954937898808194	0.5940343928249433	0.6020113845227948	0.5913768695203026	0.6020113845227948	-0.004466801890946393	0.0	0.6349009668559368	-0.004500634501984087	0.6204669293632223	1.0	0.6204669293632223	0.6274913990486054	0.1670079061137358	0.19372605776035523	0.36683955638030485	0.198338994614792	0.15305291504836646	0.2082716320275081	0.20807797431818228	0.2109153652095564	0.5754878370036557	0.5645411631049149	0.5773982830219232	0.5709208133561151	0.5713701171803955	0.576227379271722	0.5674784019667312	0.5730422856250087
seurat-leiden_leiden_1	0.13380031084759428	0.1776829450382925	0.17178582799747538	0.1316301194561497	0.17462065536152938	0.1400031955636232	0.20504428334117206	0.7730615624697348	0.18840584827953866	0.16313387062085055	0.17029002649560904	0.1774838306285744	0.1834222375693686	0.2547147153831042	0.3899024110006177	0.3899024110006177	0.44639500132537957	0.13960559819497734	0.1359195802278471	0.13188442657147623	0.15406534940538635	0.24791836917203328	0.30817990122020517	0.24791836917203328	0.35904797549554146	0.4306862101477867	0.4369368196717717	0.423663676772582	0.4369368196717717	0.03584341258041649	0.6349009668559368	0.0	0.035709346907272996	0.6928525805607779	0.6349009668559368	0.6928525805607779	0.9706929764497277	0.1377478283509103	0.14642849022919951	0.2286366994326765	0.1474607206453588	0.13716929810486644	0.23952479512566568	0.2392204697196732	0.22822549092334926	0.8430818201977744	0.8251025403056333	0.8380537012838013	0.8359986216009986	0.8406761887781399	0.8362965038383637	0.8209424200312861	0.8357300910277913
seurat-louvain_louvain_1	0.06949562490505834	0.0561641892142187	0.058969179247166284	0.0686647424022857	0.05659120794533704	0.01895825419085867	0.011657415115295413	0.06055565854664556	0.11513879898870358	0.027514717526359596	0.01848278868587261	0.042212199977791166	0.044460362869012206	0.12610829334733312	0.08944403280618253	0.08944403280618253	0.15820279981365637	0.03796137528015345	0.03546860978732526	0.046393711970862235	0.04747587794701108	0.0345742272225687	0.06853469435459325	0.0345742272225687	0.04881866450466633	0.06157305342706242	0.05928524474339357	0.04875609959980771	0.05928524474339357	0.9944419709776179	-0.004500634501984087	0.035709346907272996	0.0	0.12092312627127515	-0.004500634501984087	0.12092312627127515	0.03735528748685833	0.05162759866466778	0.058967635714779	0.009658639554709896	0.05196711249197063	0.08272987603211983	0.08063596163286184	0.08073981222360911	0.07445017613982487	0.06072913428442331	0.06126787791277037	0.06067772673909227	0.06063987508403229	0.06142618519375011	0.06104147187239304	0.06138644717991134	0.06023150282003611
seurat-louvain_louvain_4	0.1577452549667162	0.18956200171818974	0.1826304789851799	0.13304790628824942	0.18207501937184073	0.13899329764003512	0.1973155126630229	0.5773658683292918	0.20810549916748936	0.263063308559887	0.2995579461717672	0.19897579439825858	0.20915672799551932	0.30676295842954154	0.4001273224799383	0.4001273224799383	0.498485361489247	0.1609027384983346	0.15676240225297047	0.15484078274759902	0.1778125596909182	0.27713199438104014	0.3602156386382531	0.27713199438104014	0.42570359099807303	0.4453641315569436	0.44897318220719634	0.4653549341337558	0.44897318220719634	0.12106457253385866	0.6204669293632223	0.6928525805607779	0.12092312627127515	0.0	0.6204669293632223	1.0	0.6871615103891462	0.1614276788688302	0.17983273221670953	0.33073755625480594	0.18173278162657688	0.16668989226143135	0.20725758044586468	0.20711102113774446	0.20894799034132136	0.6137084007128297	0.6003925906178854	0.6157944774794479	0.6079958108748111	0.6100324734595284	0.6112206198673259	0.5993476757188684	0.6129692182627492
seurat-leiden_leiden_2	0.16588469148432597	0.2238746996125731	0.2101834467254329	0.15040368115408712	0.22177808314569333	0.16707783195961018	0.25162753993786213	0.5421369948868298	0.19608310417670677	0.2640309813039771	0.31534691620824273	0.18964487205192868	0.20069920667436378	0.2575724784128089	0.5208907412828062	0.5208907412828062	0.3734564359763601	0.1511740463683034	0.14744504110912202	0.14314255921973457	0.16963446700518786	0.34084901770861886	0.40748549607529644	0.34084901770861886	0.4954937898808194	0.5940343928249433	0.6020113845227948	0.5913768695203026	0.6020113845227948	-0.004466801890946393	1.0	0.6349009668559368	-0.004500634501984087	0.6204669293632223	0.0	0.6204669293632223	0.6274913990486054	0.1670079061137358	0.19372605776035523	0.36683955638030485	0.198338994614792	0.15305291504836646	0.2082716320275081	0.20807797431818228	0.2109153652095564	0.5754878370036557	0.5645411631049149	0.5773982830219232	0.5709208133561151	0.5713701171803955	0.576227379271722	0.5674784019667312	0.5730422856250087
seurat-louvain_louvain_2	0.1577452549667162	0.18956200171818974	0.1826304789851799	0.13304790628824942	0.18207501937184073	0.13899329764003512	0.1973155126630229	0.5773658683292918	0.20810549916748936	0.263063308559887	0.2995579461717672	0.19897579439825858	0.20915672799551932	0.30676295842954154	0.4001273224799383	0.4001273224799383	0.498485361489247	0.1609027384983346	0.15676240225297047	0.15484078274759902	0.1778125596909182	0.27713199438104014	0.3602156386382531	0.27713199438104014	0.42570359099807303	0.4453641315569436	0.44897318220719634	0.4653549341337558	0.44897318220719634	0.12106457253385866	0.6204669293632223	0.6928525805607779	0.12092312627127515	1.0	0.6204669293632223	0.0	0.6871615103891462	0.1614276788688302	0.17983273221670953	0.33073755625480594	0.18173278162657688	0.16668989226143135	0.20725758044586468	0.20711102113774446	0.20894799034132136	0.6137084007128297	0.6003925906178854	0.6157944774794479	0.6079958108748111	0.6100324734595284	0.6112206198673259	0.5993476757188684	0.6129692182627492
seurat-leiden_leiden_3	0.12989730031652574	0.17337802083424453	0.1676569485689997	0.1313054839655897	0.1706216486689124	0.13654618006887279	0.2010153815391059	0.7651485064401501	0.18438778214217497	0.1593876869185427	0.1653703060617054	0.17491601321111125	0.18093476608099088	0.2483005983635361	0.38397695158760836	0.38397695158760836	0.4382695958528591	0.13605630006107905	0.13182603646057886	0.1282911446712862	0.14919470495037787	0.245457535059924	0.3032549452946745	0.245457535059924	0.35672252668945587	0.4260581891190673	0.43386177896935263	0.42239301524902156	0.43386177896935263	0.037478587111412096	0.6274913990486054	0.9706929764497277	0.03735528748685833	0.6871615103891462	0.6274913990486054	0.6871615103891462	0.0	0.1349858886158297	0.14297885390787193	0.2235864700548275	0.14413614478410128	0.13286835689354384	0.23369757677879952	0.2333948856219884	0.2226087077322847	0.8370320655166119	0.8169169186558355	0.8324558383834777	0.8285585070543023	0.8318332074435093	0.8271586231692083	0.8117625081729833	0.8307064685201209
CellCharter_default	0.5565784658658153	0.542216321302406	0.5513530941771855	0.46588242759678	0.5363051700103326	0.5705324285448792	0.47138599587187857	0.17695648695308078	0.42591878336973804	0.5687386970245214	0.45859644519876847	0.5290665729482021	0.5035262792786088	0.3376398687814168	0.20620927833772443	0.20620927833772443	0.21957515969434252	0.6366572271325446	0.5831941016546147	0.5121270302896478	0.49611171735939846	0.32926401968420166	0.33647418440804705	0.32926401968420166	0.3016964266511443	0.2550175336326445	0.24505500450901252	0.2217026377511718	0.24505500450901252	0.05160640260198163	0.1670079061137358	0.1377478283509103	0.05162759866466778	0.1614276788688302	0.1670079061137358	0.1614276788688302	0.1349858886158297	0.0	0.6559331253081389	0.37683210060809064	0.561467909817809	0.4717956515346874	0.4753156585643115	0.47619554849856666	0.4913574230443384	0.16118345973328999	0.16632023513876643	0.16421357257016256	0.16188132545764083	0.16064862949618225	0.16554035900118744	0.1690561731612986	0.16297334214850082
