	label	GraphST_default	GraphST_2	GraphST_dlpfc	GraphST_1	SEDR_default	SEDR_2	SEDR_dlpfc	SEDR_1	STAGATE_starmap	STAGATE_default	STAGATE_slide_stereo	STAGATE_1	BayesSpace_default	BayesSpace_melanoma	BayesSpace_1	BayesSpace_scc	bass_starmap	bass_default	bass_dlpfc	bass_1	spaGCN_default	spaGCN_2	spaGCN_3	spaGCN_1	stardust_default	stardust_tutorial	stardust_2	stardust_1	SpaceFlow_default	SpaceFlow_2	SpaceFlow_3	SpaceFlow_1	DRSC_default	DRSC_FindSVGs	DRSC_all_genes	DRSC_FindVariableFeatures	precast_default	precast_dlpfc	precast_1	precast_BC	seurat-louvain_louvain_3	seurat-leiden_leiden_4	seurat-leiden_leiden_1	seurat-louvain_louvain_1	seurat-louvain_louvain_4	seurat-leiden_leiden_2	seurat-louvain_louvain_2	seurat-leiden_leiden_3	CellCharter_default	CellCharter_2	CellCharter_dlpfc	CellCharter_1	BANKSY_starmap	BANKSY_default	BANKSY_github	BANKSY_dlpfc	scanpy-louvain_louvain_3	scanpy-leiden_leiden_4	scanpy-leiden_leiden_1	scanpy-louvain_louvain_1	scanpy-louvain_louvain_4	scanpy-leiden_leiden_2	scanpy-louvain_louvain_2	scanpy-leiden_leiden_3
label	0.0	0.4136208817541746	0.3879541304327588	0.43441517197003593	0.43207398949654996	0.42603064340796887	0.507334979365141	0.4329261484676601	0.5696162429629541	0.5209571082034485	0.4939484773519658	0.33866844687651876	0.527517427148717	0.39924191060536296	0.42954281740539313	0.3861141386046667	0.3960467753109735	0.41196104131513994	0.4300341083989018	0.4549007713646056	0.4617630781374921	0.4688328613945425	0.35297773239857283	0.3387247763209681	0.4582198355208187	0.2923429037165062	0.16714603943121903	0.12231177199495573	0.2949514850533417	0.24354091572431708	0.36953004012934426	0.25364691776996795	0.2559493800991729	0.5099869669901701	0.41961033727435193	0.45708666414334775	0.2709627919917988	0.4836620537576981	0.3263756542528114	0.34813692883514796	0.48445227945579156	0.39858590251160514	0.2969260616041011	0.29988066879139386	0.3994652814223731	0.30185180502950026	0.2969260616041011	0.30185180502950026	0.3530390416733116	0.3904595883041193	0.35966596073720447	0.38182994042111373	0.36432794272295843	0.2279920381117236	0.43559101535143924	0.45219842761044	0.4638690757329365	0.2023748894309231	0.15210766718203994	0.2240466718411623	0.20129069968565094	0.1623017759780021	0.13385325113938976	0.1625753685060615	0.22273746754786417
GraphST_default	0.4136208817541746	0.0	0.4443555403220905	0.6416239056793925	0.4226136197323846	0.49701364146914934	0.49403293230881734	0.5854237595446985	0.5378527279623218	0.5044500360038676	0.5509057474613056	0.33585798194727945	0.47098795135010446	0.5169499800199802	0.5136902253914247	0.5120535668054762	0.516629339726111	0.5786982584331475	0.4652052455781165	0.5140405679195047	0.5013178755229415	0.49438556291245184	0.4395651279372594	0.41915103918866115	0.4745480274763015	0.35970044204172646	0.21742017696868263	0.18340654815811283	0.3461217646658359	0.3501635349010492	0.3275798241452075	0.2840287950768313	0.2988387784096825	0.555127526479051	0.4399374062535112	0.5759860789623649	0.3574791030946277	0.5099404865406245	0.40391548823980217	0.36784733321770813	0.5093544307375993	0.3282842602662115	0.33410345631108496	0.3393470841677876	0.3281663012871221	0.3270599831400203	0.33410345631108496	0.3270599831400203	0.3595742388402413	0.4475681894697586	0.4186514711216332	0.4329687904655525	0.42704339921159523	0.3211104595775308	0.3978187432926007	0.4405032553313708	0.45875382128874176	0.18473675463963857	0.15500978614958014	0.20477795746608968	0.1677502426741027	0.16157569647689646	0.14371766786106807	0.16016836247560198	0.21995995887331932
GraphST_2	0.3879541304327588	0.4443555403220905	0.0	0.4080388399487934	0.5733427430631604	0.4004963741869822	0.38571045072930726	0.4660343387251947	0.49433594261368197	0.31825323775858044	0.35108239127583984	0.42589779986724763	0.5008748325610174	0.3896378693179264	0.4635733364197964	0.4674157677965033	0.38881735804892903	0.41969888390964494	0.4163645163812104	0.4275664969349215	0.433066147819939	0.5185618592333835	0.4298956770755377	0.4143673291657794	0.5011180066583715	0.3411500937862703	0.2110987921732807	0.19139967272096264	0.3291865172544873	0.3264733052810494	0.42837452763999556	0.28064810812684055	0.27870926543624686	0.48670224197298617	0.33757380746188703	0.5280929737249304	0.3579367580800215	0.3781346705347916	0.3654309368278193	0.32471741306385143	0.3786044395794734	0.3339832023622876	0.3766691504257865	0.3779831024689301	0.3311980717743288	0.3733308666510073	0.3766691504257865	0.3733308666510073	0.3849330991597485	0.5129488675333939	0.4096300156613988	0.3716800015653912	0.412293625672129	0.2810210811392783	0.43701859362598316	0.5181422188031262	0.5224491297733874	0.20411514766049052	0.16259091572408693	0.22556843319523914	0.20485815140123162	0.16584277712813097	0.16204189517322634	0.15791262242294804	0.2525834152395388
GraphST_dlpfc	0.43441517197003593	0.6416239056793925	0.4080388399487934	0.0	0.4427721662263868	0.511926499947913	0.5384704793037104	0.6529099148772891	0.5558108972986493	0.5994304696387363	0.5851575619792015	0.33427557827162085	0.4856255580047165	0.5374123245847946	0.522305439429714	0.5317748997136396	0.5373921251494856	0.6454063901818804	0.4904744398279111	0.5599867677810498	0.5386252555737165	0.5127729579682242	0.4577071261736988	0.4259890290092525	0.48392298630960834	0.38620641597124267	0.2473177492008575	0.20880177222045584	0.36092022268641094	0.3703231313454478	0.33756787297938234	0.31186392361725096	0.3366980531916562	0.5680620220929877	0.45799305000693835	0.6321976770878877	0.34810492812477123	0.5584877848581838	0.40957782031271756	0.3855587584514528	0.5548678562633601	0.3278718638956549	0.3242203051538082	0.3333706567277113	0.32699506558806585	0.31793961062894505	0.3242203051538082	0.31793961062894505	0.35749206691313024	0.4716969852168954	0.45277302447251805	0.50646294826023	0.47001137585267777	0.37133870909794137	0.4319628197121663	0.46391095052246334	0.47364393441974517	0.18208293233142622	0.15704255468676184	0.20183031854372546	0.16743523702326366	0.1629741847626498	0.14640172930815692	0.1601044169790569	0.21551592548370144
GraphST_1	0.43207398949654996	0.4226136197323846	0.5733427430631604	0.4427721662263868	0.0	0.4295634581695912	0.41603862982770806	0.4781016576895637	0.5320450512309561	0.31455458549400356	0.3415987468873558	0.40037517064847117	0.5057384258511018	0.3882713938921086	0.46664295934653555	0.4684327338460442	0.3877010534151295	0.43807748890216275	0.438201392932229	0.43061656657334546	0.43792907226447475	0.5397103930381949	0.41711606896213616	0.39343196996836516	0.5129210586638516	0.40058306120618586	0.2684021643725278	0.2371752189837016	0.38816938062042455	0.386630008842791	0.5109474105358097	0.35616202948760495	0.3370655235576386	0.4823435766626534	0.33134561420413217	0.5282284776024994	0.3708207903296703	0.39927271879547677	0.37420524293569185	0.3306028386589438	0.3995169177428413	0.3335181115951219	0.3781947224940261	0.3848438897664852	0.33269258545153685	0.37759663356492595	0.3781947224940261	0.37759663356492595	0.3907659567546169	0.5589371614669035	0.4764432086866297	0.3964967895397378	0.45658963255734164	0.3567679901522554	0.5547598969197145	0.6343356809759434	0.600277621780663	0.21951443561714443	0.18769000096234942	0.24938729963902947	0.23038375275794834	0.19249437606865413	0.18138121635461874	0.1837467574056087	0.27406358498188066
SEDR_default	0.42603064340796887	0.49701364146914934	0.4004963741869822	0.511926499947913	0.4295634581695912	0.0	0.6247328087531139	0.5702821833941618	0.7264706755675647	0.51649811269215	0.5526437285976518	0.32326012390792086	0.5036041262238199	0.5092818600407268	0.5112759663017737	0.47191519464416576	0.5067692175055546	0.522222976241009	0.494475708967367	0.5559291498173018	0.5342811308211373	0.5330476247223985	0.4275918677316243	0.4032628047778054	0.4990927708376138	0.31312878926112114	0.2052642614028901	0.13802600638793366	0.29491579092045556	0.3112041211424398	0.2696532114087102	0.22060730695081224	0.19760993256236692	0.5847135919447384	0.446250028021258	0.5019856125424443	0.35012596902009263	0.6114604594861908	0.47160591129715124	0.39838740030430075	0.6092445773916845	0.34065541393811843	0.2953713418179643	0.3076966390850818	0.3406204659614376	0.2894472218727268	0.2953713418179643	0.2894472218727268	0.3426686320402107	0.39777466102032494	0.3979731302333183	0.3596515041817281	0.43220435865470824	0.26885784214005715	0.3526356616745468	0.44326684964592095	0.4624239005881561	0.1869795862835971	0.14851116137414827	0.21832384251794915	0.16472167071497065	0.14900016713410585	0.13497966238064318	0.15452296772249569	0.2081227685464263
SEDR_2	0.507334979365141	0.49403293230881734	0.38571045072930726	0.5384704793037104	0.41603862982770806	0.6247328087531139	0.0	0.6049063979295223	0.696869114257855	0.6406366359970479	0.6511537270406338	0.2942455313745713	0.5740012058410274	0.5980274219758093	0.5543416767064575	0.4672913651928813	0.5940485145766414	0.5694329986068783	0.5443879518934837	0.6018109809321989	0.5757741657412236	0.5126059394491	0.43119558464560626	0.40374799515410653	0.480248444808504	0.30869868484180857	0.2034714684165245	0.1618315985302994	0.3046665074507211	0.299035521968006	0.29833546845777503	0.2565191540275534	0.23106179977464275	0.6548607859335216	0.510152815014697	0.5207796584443861	0.36163368292340586	0.7112049685276185	0.5195082006823677	0.45730418699838704	0.7116622252095275	0.3300567706965025	0.3104011775885199	0.3055379732488745	0.33014522739151725	0.3052048232300313	0.3104011775885199	0.3052048232300313	0.32310157994347416	0.4076856825200485	0.4264146488008484	0.3980391405197181	0.4558572444351029	0.3016884684750785	0.37311682533631974	0.4697704996995288	0.5057908103684842	0.19354530451110413	0.14751878754424835	0.20545687164339257	0.17729055831845997	0.150378032772652	0.13267545278538695	0.15814462215141406	0.21785556495525887
SEDR_dlpfc	0.4329261484676601	0.5854237595446985	0.4660343387251947	0.6529099148772891	0.4781016576895637	0.5702821833941618	0.6049063979295223	0.0	0.6362763579241533	0.5667935879145936	0.5892870450266056	0.37074735413479215	0.5586188405677679	0.5729492078339283	0.6140018171902102	0.6123664604928865	0.5723426529867178	0.5915930668970973	0.49171384981615823	0.6224448053145779	0.5967689715897424	0.574413824572697	0.4534670362493802	0.41933889166889043	0.5374214294825521	0.3405836312203016	0.21098657576391636	0.17488957859502996	0.3223175406166029	0.3507088177405269	0.36287745715656555	0.27532668261488863	0.2797540384436509	0.6664151467296815	0.4627452157418176	0.6782898064120076	0.3938853555665365	0.586547475546095	0.48497519456044635	0.4008047559117918	0.582312724864739	0.3444629703821383	0.3598085251218949	0.36460721909980454	0.341537766327178	0.352421773485564	0.3598085251218949	0.352421773485564	0.38587793296555445	0.5037107965440379	0.42344032334475484	0.4115518354271965	0.46347117315989533	0.3320432387324283	0.4445202621970362	0.5209905092990711	0.5333952702936353	0.19546282295301473	0.1595796825287418	0.23163493444424732	0.18277679736265817	0.16356174946360455	0.15371217754043928	0.16205594081279148	0.23544438277299634
SEDR_1	0.5696162429629541	0.5378527279623218	0.49433594261368197	0.5558108972986493	0.5320450512309561	0.7264706755675647	0.696869114257855	0.6362763579241533	0.0	0.5758195869544616	0.6221557376813428	0.42147745293795236	0.6327734380937795	0.5861299963925657	0.6159979554255512	0.5517110948064962	0.5825435280307336	0.5888620213850239	0.5632970264017891	0.6118384819630408	0.5871586534410221	0.6455601158360667	0.465661714351719	0.4399184853045441	0.6084129049735767	0.36087284697213384	0.2172952289356986	0.15814158475302587	0.35395387711216764	0.3272884458261669	0.3708736237154611	0.2636534969791718	0.2517328118893133	0.7262436528892723	0.5051442637703377	0.6029962681460981	0.4077196504827184	0.6803021834534418	0.5454442613672492	0.4823082036951492	0.6786131466492463	0.41455999821895584	0.38063291006888605	0.3833020069379204	0.41437459054310954	0.37546229875093795	0.38063291006888605	0.37546229875093795	0.4154646897753875	0.49741602413823927	0.45787822220621266	0.3902307960121218	0.4650370385479173	0.3195771074774908	0.4631870504355867	0.5732839043787765	0.6009285219421765	0.22773864020881615	0.17945837911656945	0.2592616979528104	0.2181449554053537	0.18328533006686074	0.1627722676309444	0.1820041387953269	0.2531281159373086
STAGATE_starmap	0.5209571082034485	0.5044500360038676	0.31825323775858044	0.5994304696387363	0.31455458549400356	0.51649811269215	0.6406366359970479	0.5667935879145936	0.5758195869544616	0.0	0.7543891451506674	0.2709488567716865	0.541099588325034	0.5695410941724552	0.5059956065745014	0.43363183368363895	0.5666238945741732	0.6023683211910069	0.5062775224003669	0.5660109668165135	0.5498713001548285	0.4651943886119753	0.4181472513031563	0.3975674885749376	0.4467138325219987	0.3003565632288891	0.19706324973543085	0.16703902980671442	0.2864548595222122	0.28521638419506656	0.2532498928725947	0.252743934550992	0.26850117146590347	0.6072229045684768	0.5153845923831081	0.5161963208789784	0.3142019394718196	0.6590756697155216	0.4776627359873862	0.4301588541347159	0.6566318323379919	0.3318346339168328	0.286510803905886	0.28625569629510605	0.33397583732577485	0.27982289977918795	0.286510803905886	0.27982289977918795	0.30808243004495084	0.3584921301808549	0.4016117194701518	0.41850227243343063	0.4434406592777205	0.28717600569684676	0.3126599163134738	0.36553439143374294	0.40656553917726107	0.1795000573700537	0.13549618885893913	0.1910144769084238	0.15530268863816038	0.1376839923672366	0.11985957455850209	0.14351377638187277	0.19382424264289697
STAGATE_default	0.4939484773519658	0.5509057474613056	0.35108239127583984	0.5851575619792015	0.3415987468873558	0.5526437285976518	0.6511537270406338	0.5892870450266056	0.6221557376813428	0.7543891451506674	0.0	0.30294151518800183	0.5826759800158745	0.6010537723660698	0.5447243503743638	0.47242384950506805	0.596875796667317	0.6337036967581458	0.5314033159617679	0.5995968294239993	0.5801845917340004	0.5136001169822135	0.44434729743365103	0.419989156235889	0.4878697249853291	0.3178669057788635	0.2004394348955975	0.17435372892617684	0.3061918892994222	0.31953270639752	0.25913513068032806	0.2594096398414195	0.25935865520895296	0.6735000215514382	0.580430202852827	0.5358243937287616	0.33946518839667783	0.6940980666696694	0.52767804189313	0.46962587340685613	0.6914906021805429	0.3337218934132849	0.3007016868163142	0.29998445571881605	0.3352841151548932	0.29330974876708643	0.3007016868163142	0.29330974876708643	0.31855220084263736	0.37943674718865855	0.4170323691742845	0.42429907503507	0.4399604482712078	0.2948139788169279	0.3097090786483491	0.3976133270825017	0.42036638270477544	0.19110660611914376	0.15195911092115713	0.2018223678018024	0.16703024565365013	0.15267983219049194	0.1369036265837848	0.15932090863712647	0.2048367379779372
STAGATE_slide_stereo	0.33866844687651876	0.33585798194727945	0.42589779986724763	0.33427557827162085	0.40037517064847117	0.32326012390792086	0.2942455313745713	0.37074735413479215	0.42147745293795236	0.2709488567716865	0.30294151518800183	0.0	0.4372786498625014	0.398425210444524	0.4738533871483	0.4814006450416138	0.39843731186682035	0.35172186462945776	0.3147755938582903	0.35961961207610205	0.3557625541512557	0.48962465476863504	0.44062118487842783	0.4732251252616486	0.5056733474492557	0.3418177613144214	0.20230879963830545	0.1550754712356622	0.32794538012507934	0.2627809380068643	0.357993800233949	0.22584386745291482	0.23046939439099282	0.43545703074835823	0.4039455873266075	0.4406214884068498	0.3426635455262553	0.33220064187121273	0.32329702721154446	0.3341204749313612	0.33152304173321706	0.35199682317013975	0.3772987066908642	0.3782267416956769	0.34460181247322647	0.3789387902416655	0.3772987066908642	0.3789387902416655	0.40451677470511915	0.43464530743449686	0.3466399393990424	0.27664520639662693	0.29284351315860385	0.24285471177808252	0.3753291838387221	0.4447491862383363	0.4139400575138638	0.24404045235420366	0.20928150024669434	0.26305298546841493	0.2318778550597303	0.20728894565768066	0.20316079526388967	0.20333683198319571	0.2724076084141063
STAGATE_1	0.527517427148717	0.47098795135010446	0.5008748325610174	0.4856255580047165	0.5057384258511018	0.5036041262238199	0.5740012058410274	0.5586188405677679	0.6327734380937795	0.541099588325034	0.5826759800158745	0.4372786498625014	0.0	0.5912076220379062	0.6165568325102597	0.5672905276334557	0.5875660122483973	0.5183821966199612	0.523648021245094	0.5722308236595209	0.5557496566034322	0.5569576309389369	0.5031166711664764	0.47382122669411564	0.5335492775325529	0.3671832592011512	0.2339227821762436	0.20954038190180083	0.36759720409070384	0.3410094100313806	0.4314072845574585	0.3124977641615193	0.3044783646644166	0.6545732126464019	0.534424140390876	0.5725390575306808	0.38842081097953063	0.5716597194098646	0.47590352575256284	0.43031353870585465	0.5721835779569618	0.3741707056029213	0.38621442892756663	0.3775874236761375	0.36725337186192	0.3794156869850866	0.38621442892756663	0.3794156869850866	0.4095785580747243	0.5620229461730681	0.5123133685555877	0.445362169348829	0.5147505988890887	0.33563914847311394	0.456825871448692	0.5796384411410432	0.5977834021710984	0.2372228052423737	0.19291062306813153	0.25742852825513396	0.22937410992147356	0.19632466192595996	0.18138656500201658	0.19004405292664103	0.2808701944185058
BayesSpace_default	0.39924191060536296	0.5169499800199802	0.3896378693179264	0.5374123245847946	0.3882713938921086	0.5092818600407268	0.5980274219758093	0.5729492078339283	0.5861299963925657	0.5695410941724552	0.6010537723660698	0.398425210444524	0.5912076220379062	0.0	0.8187137677520638	0.7157022241958965	0.9910039175744001	0.5820415965847253	0.6117277384115299	0.5932994156341895	0.5664953038797242	0.5093724818674162	0.6142494889789901	0.5638554048136778	0.4764942372872107	0.388434278874694	0.2560465189538031	0.22165631951908138	0.37039219338779045	0.38842202685279353	0.3390024000503228	0.33092208647964977	0.31229010281263286	0.6591687798893746	0.6733978031442514	0.5339170376378896	0.42424892044180973	0.6360653263546612	0.5080616448475751	0.4855205285808304	0.6311980201772437	0.3604951352887862	0.3601452280389331	0.35363167755834624	0.3514873268472231	0.3470044057977831	0.3601452280389331	0.3470044057977831	0.37819975336478734	0.4726609026386033	0.5253034073818418	0.4147708928333598	0.5087058603712659	0.39169443544938065	0.40219635527298	0.4970795783232082	0.500950926683974	0.22153900779252292	0.19360064221076495	0.24826593714352585	0.19613011755943713	0.19852446437143464	0.1774721986352769	0.20146071579607536	0.2575596194297916
BayesSpace_melanoma	0.42954281740539313	0.5136902253914247	0.4635733364197964	0.522305439429714	0.46664295934653555	0.5112759663017737	0.5543416767064575	0.6140018171902102	0.6159979554255512	0.5059956065745014	0.5447243503743638	0.4738533871483	0.6165568325102597	0.8187137677520638	0.0	0.8488447351741601	0.8215753410486454	0.5389037739376598	0.5332849310235556	0.6115174656955658	0.5892473062901773	0.5667694618027308	0.5677536035667037	0.5237485972888737	0.5321732053283648	0.4080244239328441	0.2542400791330174	0.21828759956083216	0.3944940489352364	0.3825040565711977	0.41835861378906014	0.322443640729621	0.30985427522427816	0.6895587358512776	0.6236179337655207	0.5930767862657133	0.4549192005737751	0.6079431095414545	0.5009788443613459	0.472315789835564	0.6026530065587928	0.39754270155695604	0.422324085115591	0.4165560934004798	0.3900685761984409	0.4075839965278982	0.422324085115591	0.4075839965278982	0.44627739537302585	0.5412993476994621	0.4833297741182046	0.3890734939524741	0.4727489041560126	0.3958390756182348	0.4914422687690497	0.5704093611909593	0.5627217600972587	0.24682205230882673	0.20619494094775415	0.2807057226723849	0.2212708427766631	0.21366671707357202	0.197402728845246	0.2114365244743411	0.2900832348090892
BayesSpace_1	0.3861141386046667	0.5120535668054762	0.4674157677965033	0.5317748997136396	0.4684327338460442	0.47191519464416576	0.4672913651928813	0.6123664604928865	0.5517110948064962	0.43363183368363895	0.47242384950506805	0.4814006450416138	0.5672905276334557	0.7157022241958965	0.8488447351741601	0.0	0.7181573375863067	0.49789219256461137	0.4709417192872021	0.5554730485306861	0.5325340742453792	0.5318295357988597	0.5701080923771977	0.5261904864669658	0.5017518115135272	0.41079896647117903	0.25866918426789487	0.2184825008390281	0.3949387239733361	0.389245580522409	0.4322306029937296	0.3177363697036119	0.315195451352857	0.6176801708559222	0.5911801898515144	0.5748772085366919	0.43959953923209144	0.5197384533214703	0.43041409752989973	0.41417561613701437	0.514789629135875	0.3867954170169659	0.41679885158578933	0.4126021336201093	0.377766485200192	0.40421902067474685	0.41679885158578933	0.40421902067474685	0.447293827383536	0.563891081030766	0.48186595847345637	0.39782286775721926	0.46734430428523815	0.3803912071868472	0.48715147087461474	0.5670876168648052	0.5548679572914066	0.24847009557597174	0.21172091814628669	0.28321800127470503	0.22609410171109987	0.21888180603118326	0.20328714037681359	0.21434875867323303	0.2922212459558733
BayesSpace_scc	0.3960467753109735	0.516629339726111	0.38881735804892903	0.5373921251494856	0.3877010534151295	0.5067692175055546	0.5940485145766414	0.5723426529867178	0.5825435280307336	0.5666238945741732	0.596875796667317	0.39843731186682035	0.5875660122483973	0.9910039175744001	0.8215753410486454	0.7181573375863067	0.0	0.5804556052288161	0.6073782244650008	0.5914077147447483	0.564634311611248	0.5077774776914649	0.6149835533796889	0.5643494394434434	0.47500581208410336	0.38777855766131375	0.2566595249836756	0.22262070977783913	0.36961781602959165	0.3882859187144919	0.338662004348611	0.3296149241303663	0.31196999421527905	0.655159081868752	0.6711149867508822	0.5337704942892706	0.4237223256273315	0.6329481157072963	0.5059884003852361	0.48328718060965603	0.6280739794444243	0.3598218919204002	0.3588510494349326	0.3524586539890896	0.35108290922270496	0.34576536635515215	0.3588510494349326	0.34576536635515215	0.37790577068874304	0.4714771457561336	0.5246196366230551	0.4145596611616632	0.5061799241271255	0.39300745527794717	0.40325152534803554	0.49684504838555843	0.4998854239927078	0.22125242201194703	0.19322484231807818	0.24795834045580362	0.19598653986662315	0.1977784992761198	0.17713023163513839	0.20074502038755665	0.25712632822607306
bass_starmap	0.41196104131513994	0.5786982584331475	0.41969888390964494	0.6454063901818804	0.43807748890216275	0.522222976241009	0.5694329986068783	0.5915930668970973	0.5888620213850239	0.6023683211910069	0.6337036967581458	0.35172186462945776	0.5183821966199612	0.5820415965847253	0.5389037739376598	0.49789219256461137	0.5804556052288161	0.0	0.5698981675799705	0.5974409188070134	0.5844815298736612	0.5517306364614142	0.4841779513108293	0.46008964847636746	0.5256121442656253	0.391784420287256	0.2361359588401841	0.19759682600366282	0.3698328825290982	0.38306035725310694	0.34127007666978704	0.33416226336094984	0.34210956993001224	0.6406626496809993	0.5147807932685091	0.6492644362244226	0.35218905102575254	0.6366882075347425	0.4709855321707239	0.4265614987829393	0.6340375230193432	0.32373912320826165	0.3426205281462815	0.35107962334248993	0.32123012400662654	0.33871278425257173	0.3426205281462815	0.33871278425257173	0.3736121409813012	0.46995901649085414	0.49593273072993826	0.4332370700967753	0.4597919998586597	0.3496362180487824	0.3735776065307592	0.47038457464189903	0.4865014608500518	0.20593894411912975	0.17961560121506567	0.22035672654971006	0.19231540434840821	0.18434336478542568	0.16539004857734455	0.18348886941364026	0.2313358924126974
bass_default	0.4300341083989018	0.4652052455781165	0.4163645163812104	0.4904744398279111	0.438201392932229	0.494475708967367	0.5443879518934837	0.49171384981615823	0.5632970264017891	0.5062775224003669	0.5314033159617679	0.3147755938582903	0.523648021245094	0.6117277384115299	0.5332849310235556	0.4709417192872021	0.6073782244650008	0.5698981675799705	0.0	0.5319406022873238	0.5235712969480366	0.48867049825336284	0.4893473736484557	0.4542307296188991	0.45667896679337094	0.3532565486283816	0.23700484484322315	0.22218244270026458	0.33093162100737955	0.34484385668875045	0.3440205289160324	0.35093731135743256	0.3085839378090569	0.5773401160943077	0.5104562656688751	0.4954411139779802	0.3677284507840067	0.5442369119722574	0.4661871069169402	0.39649429236889017	0.5428794431948752	0.2763911071506896	0.3227892200711849	0.3191070243308955	0.27396474017683126	0.3170624372033752	0.3227892200711849	0.3170624372033752	0.30894001074536176	0.4347421059407823	0.48711766103617216	0.46675632233543746	0.5396462200848336	0.3258061601863047	0.33127645056337035	0.43756068525052	0.5050184297694758	0.1839573821662934	0.15959289857052011	0.18492235748548952	0.17913719463410982	0.158909777703817	0.15168141394282378	0.15442100622294866	0.20776450784645534
bass_dlpfc	0.4549007713646056	0.5140405679195047	0.4275664969349215	0.5599867677810498	0.43061656657334546	0.5559291498173018	0.6018109809321989	0.6224448053145779	0.6118384819630408	0.5660109668165135	0.5995968294239993	0.35961961207610205	0.5722308236595209	0.5932994156341895	0.6115174656955658	0.5554730485306861	0.5914077147447483	0.5974409188070134	0.5319406022873238	0.0	0.8576745608245566	0.5696987418356116	0.4766621137107071	0.45198381021319994	0.5395020966455026	0.3416459606636648	0.22650913787619506	0.20531699736601433	0.33449322130411047	0.3301297842769682	0.32619803684179804	0.2802698288445468	0.2724783357754285	0.6928570252001748	0.5302867582615143	0.6206831209169715	0.40814404757642436	0.6944664174766066	0.4968371351209503	0.4547378158303466	0.697257012012971	0.32162379053715223	0.34428817124059696	0.34648213078032	0.32016378542449064	0.3379250950461451	0.34428817124059696	0.3379250950461451	0.36241344680645343	0.4580891291168436	0.43745312144515536	0.40377856987746413	0.4791189905877341	0.3356524715363238	0.39868948019848904	0.5018539907436668	0.515274189566428	0.20456629630826934	0.16498393395234015	0.22469991931093572	0.19282331575232728	0.16543675094354826	0.15574386288286543	0.16440109457108018	0.23588828786130284
bass_1	0.4617630781374921	0.5013178755229415	0.433066147819939	0.5386252555737165	0.43792907226447475	0.5342811308211373	0.5757741657412236	0.5967689715897424	0.5871586534410221	0.5498713001548285	0.5801845917340004	0.3557625541512557	0.5557496566034322	0.5664953038797242	0.5892473062901773	0.5325340742453792	0.564634311611248	0.5844815298736612	0.5235712969480366	0.8576745608245566	0.0	0.5551036563731023	0.4687307274373237	0.4489145096471699	0.5314356034539308	0.34905475627892474	0.22309409831189933	0.20540245575486452	0.34077919272060486	0.33137652994755823	0.33566810062039176	0.2891462319087573	0.28113713676531304	0.6618629336551234	0.5395848518161511	0.6118141674720796	0.39091612250398305	0.6656422092098241	0.4729444815925764	0.4298597897995112	0.6673133402632497	0.31732622918163605	0.3520553868397457	0.3548193766746247	0.31525149649494966	0.34805012619653747	0.3520553868397457	0.34805012619653747	0.37055317020355566	0.44381382903708066	0.43029297302985553	0.4067664985535937	0.47563890198416886	0.315136710280273	0.38408730484779263	0.4947454871651472	0.49227969191081117	0.21377483254421278	0.1704257384477374	0.2282701457496522	0.20149865515889878	0.17171387509783856	0.159530081539308	0.1694320863559989	0.24284146685750863
spaGCN_default	0.4688328613945425	0.49438556291245184	0.5185618592333835	0.5127729579682242	0.5397103930381949	0.5330476247223985	0.5126059394491	0.574413824572697	0.6455601158360667	0.4651943886119753	0.5136001169822135	0.48962465476863504	0.5569576309389369	0.5093724818674162	0.5667694618027308	0.5318295357988597	0.5077774776914649	0.5517306364614142	0.48867049825336284	0.5696987418356116	0.5551036563731023	0.0	0.5405758797783511	0.518194408886363	0.8695621738218288	0.3606392228611988	0.20935781354758656	0.15865826118611664	0.34403944935023073	0.322563290961562	0.3818509485490462	0.2588832804223113	0.2595863457124259	0.62659203969934	0.44644357622636816	0.6253773423162728	0.4032442593696665	0.5821026101773765	0.45521341822528993	0.4216813997325025	0.5826573591032936	0.4000608034139474	0.38634661368313766	0.3928598675842508	0.3986398520266916	0.38243018332459155	0.38634661368313766	0.38243018332459155	0.4198758098989855	0.5113809951906352	0.4357034097579533	0.35702489902344936	0.4241935300956841	0.31557180221818526	0.4643112682375614	0.5693755556243245	0.5631599814571906	0.22137653617797495	0.1849712505470211	0.25729805151973617	0.215840078387976	0.18583258327878266	0.1777405131781255	0.17940374199992384	0.26168140679680096
spaGCN_2	0.35297773239857283	0.4395651279372594	0.4298956770755377	0.4577071261736988	0.41711606896213616	0.4275918677316243	0.43119558464560626	0.4534670362493802	0.465661714351719	0.4181472513031563	0.44434729743365103	0.44062118487842783	0.5031166711664764	0.6142494889789901	0.5677536035667037	0.5701080923771977	0.6149835533796889	0.4841779513108293	0.4893473736484557	0.4766621137107071	0.4687307274373237	0.5405758797783511	0.0	0.8424304290622893	0.5103305546531878	0.38016721115178914	0.25373399902201094	0.19831172936349042	0.3589342856922108	0.3415423155613823	0.33367150567026865	0.28690173708991185	0.2911206771994912	0.4955153778066382	0.5780477898083741	0.47827820005803007	0.3910853311072809	0.4556927489006228	0.3793427284650244	0.39000987381342184	0.45600864193593016	0.3458324752324551	0.3491356885000297	0.34954310942576367	0.33800740909099036	0.3475647539464178	0.3491356885000297	0.3475647539464178	0.37168183935706084	0.4546262573633551	0.5023373209521212	0.3914114839149819	0.45413586055490307	0.32117402264156264	0.3709487607767728	0.4806776534844975	0.45243411544210793	0.21781305741764773	0.19482503197470413	0.23599591791089428	0.20184287040353094	0.19448835317459046	0.18349468083085835	0.19508487914881253	0.2539429631098832
spaGCN_3	0.3387247763209681	0.41915103918866115	0.4143673291657794	0.4259890290092525	0.39343196996836516	0.4032628047778054	0.40374799515410653	0.41933889166889043	0.4399184853045441	0.3975674885749376	0.419989156235889	0.4732251252616486	0.47382122669411564	0.5638554048136778	0.5237485972888737	0.5261904864669658	0.5643494394434434	0.46008964847636746	0.4542307296188991	0.45198381021319994	0.4489145096471699	0.518194408886363	0.8424304290622893	0.0	0.5363969787550228	0.3663528343726844	0.2411298756446479	0.18807559438995988	0.3457941586954237	0.3211064016992015	0.31638617368013416	0.2673173648148474	0.27224163274092955	0.4736072166365934	0.547059547859871	0.4495259854435303	0.3758688109472119	0.438034529028877	0.36747964528543337	0.37426938075759075	0.43919778201054155	0.3498064464756651	0.34937637544985334	0.3507301127540562	0.3442050834825222	0.34544835155128195	0.34937637544985334	0.34544835155128195	0.37544893206776014	0.4251025657361915	0.46558471111917527	0.36959696515224666	0.42074505958719266	0.29393770507644773	0.34725885246455646	0.4470624274051668	0.421780848748139	0.2223773912531933	0.19391194928518737	0.2422191503709912	0.20572028532470374	0.19288619016073474	0.18577565983583413	0.1955839786972672	0.25815415246532203
spaGCN_1	0.4582198355208187	0.4745480274763015	0.5011180066583715	0.48392298630960834	0.5129210586638516	0.4990927708376138	0.480248444808504	0.5374214294825521	0.6084129049735767	0.4467138325219987	0.4878697249853291	0.5056733474492557	0.5335492775325529	0.4764942372872107	0.5321732053283648	0.5017518115135272	0.47500581208410336	0.5256121442656253	0.45667896679337094	0.5395020966455026	0.5314356034539308	0.8695621738218288	0.5103305546531878	0.5363969787550228	0.0	0.3455880073241585	0.20016950078878595	0.15185392651000537	0.33071469720426483	0.3059907080248757	0.3684393284689113	0.24608122184563616	0.2502358528646452	0.5965210961043288	0.42339825419973515	0.5966616789138542	0.38985833283598004	0.5458530568184432	0.4364221602312596	0.40326049314628765	0.5481418439174202	0.39277546680944636	0.38132604487192767	0.3863983764766708	0.39210054651367726	0.3782489558798637	0.38132604487192767	0.3782489558798637	0.4116503961100135	0.49000142794160506	0.4114479721156753	0.34521651735015835	0.39898413854126996	0.29774870687328225	0.44602076977822624	0.5388623781347085	0.5324018022723367	0.22123863195270344	0.18343558746219368	0.25420348236425205	0.21537086418053003	0.1829311243524847	0.17851860505561779	0.17741482946770945	0.26002760020461274
stardust_default	0.2923429037165062	0.35970044204172646	0.3411500937862703	0.38620641597124267	0.40058306120618586	0.31312878926112114	0.30869868484180857	0.3405836312203016	0.36087284697213384	0.3003565632288891	0.3178669057788635	0.3418177613144214	0.3671832592011512	0.388434278874694	0.4080244239328441	0.41079896647117903	0.38777855766131375	0.391784420287256	0.3532565486283816	0.3416459606636648	0.34905475627892474	0.3606392228611988	0.38016721115178914	0.3663528343726844	0.3455880073241585	0.0	0.4580265451404465	0.38391646844889094	0.7837838096335166	0.4417484386115502	0.4488283668037903	0.41010366472552584	0.36687887150481074	0.35774950263705524	0.3948481744996335	0.3611035970850781	0.3422968347991598	0.32721151027689527	0.28501950718785146	0.2795989182919286	0.32580839236000253	0.3877012003433411	0.3733884036692845	0.38203900729100404	0.3854204825651653	0.37414124665794435	0.3733884036692845	0.37414124665794435	0.43089716123428673	0.47257537305957803	0.5084634333737802	0.3239471398616603	0.421323681258845	0.42609891158927854	0.49148673353927225	0.45575608392246836	0.3987590145251178	0.28736548747107366	0.25920324959718377	0.30437555332664207	0.2665019779607299	0.26503492487545066	0.24063228948041046	0.26354595540938236	0.3231718047907957
stardust_tutorial	0.16714603943121903	0.21742017696868263	0.2110987921732807	0.2473177492008575	0.2684021643725278	0.2052642614028901	0.2034714684165245	0.21098657576391636	0.2172952289356986	0.19706324973543085	0.2004394348955975	0.20230879963830545	0.2339227821762436	0.2560465189538031	0.2542400791330174	0.25866918426789487	0.2566595249836756	0.2361359588401841	0.23700484484322315	0.22650913787619506	0.22309409831189933	0.20935781354758656	0.25373399902201094	0.2411298756446479	0.20016950078878595	0.4580265451404465	0.0	0.6494905037026822	0.4736002642766681	0.3420759484742511	0.2959402914139644	0.319633650309378	0.2758147579212158	0.21459522669651634	0.2598912396919107	0.20678960121127654	0.2906793206461242	0.20659881021329737	0.25435082942391074	0.22479820254351152	0.20530075431839173	0.21543539550885238	0.23733044871346606	0.238523139179118	0.21114635093467066	0.23645449892808207	0.23733044871346606	0.23645449892808207	0.22845007456385102	0.3221867995587441	0.3689900567741334	0.2623913336146737	0.31732417221146536	0.3811515145678411	0.3509129166232958	0.28843930401987555	0.2372931806744252	0.1693281318460429	0.14710075124185207	0.18340909105802758	0.1653893206913416	0.15293619422105054	0.14209865476397826	0.14956480275349554	0.1876063034853548
stardust_2	0.12231177199495573	0.18340654815811283	0.19139967272096264	0.20880177222045584	0.2371752189837016	0.13802600638793366	0.1618315985302994	0.17488957859502996	0.15814158475302587	0.16703902980671442	0.17435372892617684	0.1550754712356622	0.20954038190180083	0.22165631951908138	0.21828759956083216	0.2184825008390281	0.22262070977783913	0.19759682600366282	0.22218244270026458	0.20531699736601433	0.20540245575486452	0.15865826118611664	0.19831172936349042	0.18807559438995988	0.15185392651000537	0.38391646844889094	0.6494905037026822	0.0	0.427539845676405	0.3216475411760258	0.32319652198807336	0.37163363680052075	0.366208835124716	0.17800389897910546	0.2145032935108773	0.18142513275060945	0.2206978413897185	0.16094506627270863	0.20082211935797525	0.17772296403016588	0.16122033561819843	0.1459078809539748	0.18512843511770272	0.17975517250757564	0.14170196548204872	0.1824879944464692	0.18512843511770272	0.1824879944464692	0.18282868635275737	0.3165322122026664	0.33178398093988554	0.2296306454940066	0.3422660279345624	0.415979877951664	0.2957729328797112	0.2601575359427791	0.2383860916402671	0.12071468030811502	0.10924009641094799	0.1283418195468873	0.12788199882651938	0.11432697306431723	0.1059034413640637	0.10978406606696485	0.14642152805499262
stardust_1	0.2949514850533417	0.3461217646658359	0.3291865172544873	0.36092022268641094	0.38816938062042455	0.29491579092045556	0.3046665074507211	0.3223175406166029	0.35395387711216764	0.2864548595222122	0.3061918892994222	0.32794538012507934	0.36759720409070384	0.37039219338779045	0.3944940489352364	0.3949387239733361	0.36961781602959165	0.3698328825290982	0.33093162100737955	0.33449322130411047	0.34077919272060486	0.34403944935023073	0.3589342856922108	0.3457941586954237	0.33071469720426483	0.7837838096335166	0.4736002642766681	0.427539845676405	0.0	0.42908008200227765	0.4745334887860816	0.4318582044464123	0.36866491453736244	0.351181452968913	0.38249935556898473	0.3461245204051506	0.33405919451386873	0.3176712545544546	0.26583014507189384	0.2752743027418921	0.31610184234297645	0.3667536168198857	0.3552559086285512	0.35533924271279166	0.3612253769239633	0.3556434498674109	0.3552559086285512	0.3556434498674109	0.4106031454903805	0.48395056743692205	0.5070366972591164	0.30362659037257406	0.41174411795248983	0.4598320763038408	0.5102534168167644	0.46813626706049	0.40608938535298483	0.2773251109799166	0.24391300096716215	0.29793357592247977	0.2688590493116928	0.25894293863871154	0.22943746241129045	0.25681554633711895	0.31833668958167005
SpaceFlow_default	0.24354091572431708	0.3501635349010492	0.3264733052810494	0.3703231313454478	0.386630008842791	0.3112041211424398	0.299035521968006	0.3507088177405269	0.3272884458261669	0.28521638419506656	0.31953270639752	0.2627809380068643	0.3410094100313806	0.38842202685279353	0.3825040565711977	0.389245580522409	0.3882859187144919	0.38306035725310694	0.34484385668875045	0.3301297842769682	0.33137652994755823	0.322563290961562	0.3415423155613823	0.3211064016992015	0.3059907080248757	0.4417484386115502	0.3420759484742511	0.3216475411760258	0.42908008200227765	0.0	0.45560871594345603	0.564994311562503	0.5644682866181371	0.33385772928822177	0.34563077906204853	0.35347550395123667	0.2866923483636596	0.2995870885816316	0.24112037775163112	0.23632106073879894	0.2973165151082677	0.2605951880469138	0.2633840139818247	0.26912396943152117	0.25562623549923363	0.26318450941190935	0.2633840139818247	0.26318450941190935	0.2969102427970179	0.4569542849388871	0.46477048391537934	0.2946436587012949	0.4246200993490692	0.47987404766120045	0.45243148146429857	0.43528271982910427	0.39110051162709447	0.22046658951489748	0.1904326770622683	0.24968967182443233	0.2173562790915381	0.2021487449645749	0.17725209060329108	0.20280214139958783	0.24341556994392247
SpaceFlow_2	0.36953004012934426	0.3275798241452075	0.42837452763999556	0.33756787297938234	0.5109474105358097	0.2696532114087102	0.29833546845777503	0.36287745715656555	0.3708736237154611	0.2532498928725947	0.25913513068032806	0.357993800233949	0.4314072845574585	0.3390024000503228	0.41835861378906014	0.4322306029937296	0.338662004348611	0.34127007666978704	0.3440205289160324	0.32619803684179804	0.33566810062039176	0.3818509485490462	0.33367150567026865	0.31638617368013416	0.3684393284689113	0.4488283668037903	0.2959402914139644	0.32319652198807336	0.4745334887860816	0.45560871594345603	0.0	0.6600597461853782	0.48141505697871706	0.3740517853487729	0.32333606022507166	0.41297883922777323	0.2840036091541075	0.27919158243640413	0.237449213719837	0.2325577368636136	0.2781344267707284	0.32496435746051405	0.34527050952822225	0.34717361859320417	0.3192867622639676	0.3510548338834158	0.34527050952822225	0.3510548338834158	0.3798465415589724	0.5745085472496186	0.5057369260351363	0.3105408681387205	0.4431990410926667	0.4100741284378353	0.5480201968910605	0.581680140166771	0.548245010209824	0.2957239177519834	0.2570906312451956	0.301640748820518	0.30726209985350833	0.2727448240856589	0.23337904615706084	0.2606882168839061	0.33628605542103174
