	label	GraphST_default	GraphST_2	GraphST_dlpfc	GraphST_1	SEDR_default	SEDR_2	SEDR_dlpfc	SEDR_1	STAGATE_starmap	STAGATE_default	STAGATE_slide_stereo	STAGATE_1	BayesSpace_default	BayesSpace_melanoma	BayesSpace_1	BayesSpace_scc	bass_starmap	bass_default	bass_dlpfc	bass_1	spaGCN_default	spaGCN_2	spaGCN_3	spaGCN_1	stardust_default	stardust_tutorial	stardust_2	stardust_1	SpaceFlow_default	SpaceFlow_2	SpaceFlow_3	SpaceFlow_1	DRSC_default	DRSC_FindSVGs	DRSC_all_genes	DRSC_FindVariableFeatures	precast_default	precast_dlpfc	precast_1	precast_BC	seurat-louvain_louvain_3	seurat-leiden_leiden_4	seurat-leiden_leiden_1	seurat-louvain_louvain_1	seurat-louvain_louvain_4	seurat-leiden_leiden_2	seurat-louvain_louvain_2	seurat-leiden_leiden_3	CellCharter_default	CellCharter_2	CellCharter_dlpfc	CellCharter_1	BANKSY_starmap	BANKSY_default	BANKSY_github	BANKSY_dlpfc	scanpy-louvain_louvain_3	scanpy-leiden_leiden_4	scanpy-leiden_leiden_1	scanpy-louvain_louvain_1	scanpy-louvain_louvain_4	scanpy-leiden_leiden_2	scanpy-louvain_louvain_2	scanpy-leiden_leiden_3
label	0.0	0.5802769167221709	0.45805611419499276	0.6187025970352603	0.4583403707308896	0.5117232072119055	0.5890960514834572	0.6098991601724869	0.5365687824286479	0.37081004071030416	0.4652402584770839	0.39644754479031935	0.44733595442172647	0.5030353094527273	0.2940131005835071	0.29072851281219514	0.5512121577652798	0.5560094115485313	0.41743375137094846	0.31887753431015464	0.3783594409108133	0.3931677883266634	0.24668833006880933	0.2369005789608292	0.38153890221569975	0.26448744349294945	0.28995904470400957	0.33726010861413597	0.2593239824839431	0.4415942045841112	0.30742378822349853	0.31124372064291744	0.33179136818205013	0.5461032065542952	0.36966507036327045	0.4443987021715642	0.4098933334060145	0.3793884880223701	0.4546173550317257	0.49437777943496936	0.3748872769594255	0.3883844407053536	0.35414907526784883	0.36666010140619903	0.388813118169716	0.391438640722603	0.35414907526784883	0.391438640722603	0.36446769721496114	0.3642356567873997	0.3532735148864152	0.40684163366801107	0.3555070600300161	0.31493383154055377	0.33986682693451437	0.35896324372988375	0.3955945345678972	0.286239160076361	0.24398764579767956	0.26599780101631104	0.25219300861129745	0.24206641484855224	0.2657998990713221	0.23271142088165786	0.2189170308763948
GraphST_default	0.5802769167221709	0.0	0.4665373299916919	0.7230227106573571	0.413841871016322	0.5350666120308316	0.6601899357917405	0.6522906491600007	0.5696137364540608	0.3891788729415121	0.5382760673134546	0.3786543068014123	0.39906234091180176	0.5324882520379002	0.3419331157918194	0.33885659648866034	0.5868274119277282	0.606407365843601	0.4584239901384969	0.3700147276518115	0.43072957643656884	0.33474019284966533	0.24113100622539024	0.23423577648720711	0.3264145706913032	0.26497984164796146	0.27980038358510834	0.3141561627272621	0.2597799610834703	0.4669042179914903	0.31273945954614923	0.32544903157175314	0.35634884651192106	0.66012478030699	0.4378620184984561	0.4753619522313977	0.4961155235382724	0.4454395576693419	0.5329009159239879	0.5070376042639166	0.43795575340044857	0.32941968555937245	0.3070952594320958	0.3185015753836154	0.32927340215975714	0.33349063026161363	0.3070952594320958	0.33349063026161363	0.3158850610777308	0.42095046323347624	0.4104502492207283	0.43657797031386686	0.413673227902817	0.2938331652460512	0.34252014143545145	0.341476533608687	0.3701798007289258	0.289417482058821	0.2516844203244995	0.27560143428865164	0.2668947643860766	0.25159427160012005	0.27099949593772094	0.2426027359529002	0.233684973895764
GraphST_2	0.45805611419499276	0.4665373299916919	0.0	0.43941161852515664	0.7280085587475509	0.3791179857456806	0.37775838768495956	0.3837847931272859	0.3549158040443296	0.5458909168609486	0.47655839582919923	0.5180551107142598	0.5992087358655958	0.5617975153773047	0.38630697832572697	0.38202211203991715	0.5495749664119336	0.41301424533963343	0.4298342756044327	0.4630949960527352	0.47687697001476326	0.4875204424961173	0.36067191884743255	0.34495610270104193	0.47385166903958265	0.3929964586181354	0.39914637472007153	0.422035660062297	0.38615624903617507	0.49516729534363985	0.4428729615707975	0.4642138831628487	0.47125578924023603	0.46940382690884236	0.4605983071196705	0.4771236496599636	0.4463509064979725	0.4234561918025012	0.3947587670093312	0.46078654865850627	0.4177985958023063	0.4760621476611317	0.4054606380348302	0.4639891881968692	0.4796815562930988	0.47725967423999605	0.4054606380348302	0.47725967423999605	0.41847018774196804	0.4634083976900535	0.44336910105860505	0.44208212643102973	0.448827787845512	0.3900590029137381	0.4422244891315615	0.4786089281743884	0.5451071267257825	0.38444384447994473	0.35200729394593555	0.37636533577470976	0.35145200764201884	0.3493043412219314	0.36986665748873215	0.33636047006346204	0.3474128499064102
GraphST_dlpfc	0.6187025970352603	0.7230227106573571	0.43941161852515664	0.0	0.4525928668561913	0.5651440210146411	0.7015529561325322	0.6864115759418697	0.5992158982120996	0.403050574003146	0.5420749161284236	0.3740667144406827	0.3977250144403526	0.5379020560550433	0.33849430800482394	0.33580912928515977	0.5872836586946516	0.6371841937336112	0.4739653210213118	0.38027176577353067	0.4295259290016573	0.3470181178150669	0.24252089023287915	0.23288701209610332	0.3345298062825784	0.267492287985564	0.29645018296912445	0.33037679742893744	0.26761515247123147	0.4651167567760135	0.3079725270470645	0.32102437254010596	0.3608275893500118	0.6376757656181415	0.42756516973417985	0.47798030842232825	0.4958096974813255	0.44969006487754576	0.5290533129517468	0.507924233753412	0.4397070933302048	0.32733919019598995	0.30427549560798495	0.3152484561672977	0.32721047964959377	0.3306538651858568	0.30427549560798495	0.3306538651858568	0.3084874655138294	0.44754965206649333	0.44607952434338066	0.4735021431343571	0.44004856155004285	0.319979151474209	0.36235199176918714	0.36067487156261147	0.3900064262437086	0.2778911974524242	0.24263691730653839	0.2651613618538514	0.2524902508477286	0.24248645764353652	0.26233523151092675	0.2314519943843066	0.2277466968979492
GraphST_1	0.4583403707308896	0.413841871016322	0.7280085587475509	0.4525928668561913	0.0	0.35206680477340885	0.35424376453130013	0.35993179075957826	0.32435030109578833	0.5757465855178873	0.4834171954613292	0.5118282111761178	0.6128268876883123	0.5556467582478644	0.37635143666925414	0.37256030000025103	0.5565282041347012	0.41276284287163884	0.4410276041061542	0.46300379093080624	0.47218632212191003	0.4946893804250314	0.3374788905241443	0.31690762891050844	0.4713099721188724	0.4416114746547643	0.4433745622959468	0.4611685399511851	0.42464876884515185	0.521377020328619	0.45691197929573996	0.48858757186817864	0.4729449178630141	0.45089679606355626	0.4579627091260546	0.4759927503003593	0.43964925632419194	0.411678257458976	0.39844461639117157	0.4699570365418022	0.4044735758381303	0.4879055026344414	0.40323443959502536	0.4726093524160749	0.4903869968203422	0.4812665716132911	0.40323443959502536	0.4812665716132911	0.4163575206178379	0.4785641605755309	0.45701588620522676	0.4526741352577439	0.4689052548875279	0.4403653294655543	0.48936371633990317	0.5306502778635127	0.6312058087756859	0.39119529636672307	0.35088531647473653	0.38040354221719513	0.3668887302236375	0.3528770433128669	0.3712654829350032	0.33429080206106054	0.3493250346732934
SEDR_default	0.5117232072119055	0.5350666120308316	0.3791179857456806	0.5651440210146411	0.35206680477340885	0.0	0.662659303044554	0.687639260936464	0.6129990032414842	0.3246538257604655	0.4629288573745106	0.3268783340584839	0.3455290310651929	0.3861809237686266	0.30249770128279024	0.302098141279313	0.4155698770350363	0.5259265623486215	0.4012293047159256	0.35662034017597416	0.37628337895793545	0.32026297334163956	0.234273183813891	0.22547384908787665	0.3145868546748184	0.21983468364095918	0.2093124244276518	0.2581706970945327	0.20963185385597316	0.3404528324226186	0.2469094486986018	0.25065793360036215	0.30697065673936136	0.4758154336816405	0.38827677647046993	0.41426249003584653	0.3923289315316248	0.40339707450418577	0.39055738481458246	0.4028044486089628	0.40089936476925886	0.31716351262552916	0.28907242016200657	0.2952733370164708	0.31622142393195685	0.3169150431220103	0.28907242016200657	0.3169150431220103	0.29725282323295926	0.36954486424270844	0.3726615376766503	0.37298619305408737	0.37386158248690365	0.2427947644877924	0.32318996029053526	0.2918332352466263	0.3152199208110919	0.22113449052153172	0.1975724362851998	0.2078609641629768	0.20137680881456907	0.19202979290535696	0.21033789439271164	0.1912389481678777	0.19620435124646374
SEDR_2	0.5890960514834572	0.6601899357917405	0.37775838768495956	0.7015529561325322	0.35424376453130013	0.662659303044554	0.0	0.8596273409278224	0.7246546764042341	0.34479734058710987	0.48384166182764016	0.3189005238574867	0.3475689544630975	0.46198048053527185	0.3010713508498671	0.2997821883961573	0.5087207951949431	0.5957449814924536	0.434381088352132	0.3573985380398423	0.38318550769214105	0.33556295018948096	0.2268416308616653	0.21758006772949004	0.326303113159081	0.24372386432403562	0.21221663240068248	0.2524858693843055	0.2221907680765643	0.38892524164161885	0.25095174969031697	0.2529028535739788	0.3509270173060808	0.5344334370242431	0.4149808339525056	0.4546531797155038	0.4164502915192711	0.4425279324407085	0.45595826060303835	0.45953426361384814	0.4369614312882084	0.3056879204339508	0.27790913542723916	0.28910116717851275	0.3058425785503734	0.3086673990689656	0.27790913542723916	0.3086673990689656	0.2830998750761096	0.4130720062785472	0.4209097467584525	0.42536639681979543	0.4207891614035196	0.2678038407540704	0.32814678587523305	0.2960738506767129	0.3307465018619239	0.21593920599386124	0.1917447083555536	0.20438346270066754	0.1993594553039694	0.1888135382686614	0.2069417241001445	0.18374195749979969	0.19464603536193453
SEDR_dlpfc	0.6098991601724869	0.6522906491600007	0.3837847931272859	0.6864115759418697	0.35993179075957826	0.687639260936464	0.8596273409278224	0.0	0.6816149212103204	0.3431950254536354	0.5010441155567986	0.32664447024669113	0.3603974304319892	0.4636919936807146	0.30715114976356045	0.30671696373481666	0.5171138946834883	0.5713762660034876	0.41716938376767715	0.35539141597450824	0.38814388344899575	0.3331798777116967	0.23384346220191018	0.2228725899650985	0.3233614077541778	0.24105130077565573	0.22395123197892444	0.26946959377093277	0.22613066059868914	0.3921141280430771	0.26148251726283966	0.26404672424960196	0.3336152741291589	0.5382162675317395	0.41035027608940355	0.45783770019770414	0.42076829660487824	0.4491245302856657	0.4406970444953126	0.45629578654532377	0.44142033960716864	0.3181461749726218	0.2890983579842963	0.3001621713921101	0.31708364047853893	0.320172230301427	0.2890983579842963	0.320172230301427	0.29438171874311725	0.41214380095422143	0.4190274307571573	0.4285697111703	0.4166678128195794	0.27740073853048997	0.33790796813877527	0.31161727771596964	0.3345186828329529	0.23131378788579632	0.2037469154665026	0.2169965623049075	0.21193776959272512	0.20035655890173207	0.2203134974037311	0.19623511622705084	0.20318304337313967
SEDR_1	0.5365687824286479	0.5696137364540608	0.3549158040443296	0.5992158982120996	0.32435030109578833	0.6129990032414842	0.7246546764042341	0.6816149212103204	0.0	0.32034231384363476	0.4274857898912361	0.3093296087206712	0.3180662099108623	0.44198301945503793	0.306996660668974	0.3046009223634983	0.4762217243614626	0.5363859836665887	0.4092300625192521	0.3690101736224741	0.3755035562333832	0.3372032197926979	0.21071557095758034	0.20315685075376252	0.3268891350940069	0.2365609417066439	0.21650173098282696	0.2619751778490639	0.22441438319394422	0.3939122621788038	0.25023189401321083	0.2538326835482975	0.3802525221519532	0.5022736426683998	0.41577194539301154	0.4392804283354019	0.4218428154921925	0.4291571156937078	0.4315814497840242	0.41845000118882775	0.42623100268272096	0.2958409216581139	0.26440912059088095	0.27680281067125395	0.2949294624082883	0.29933899730951613	0.26440912059088095	0.29933899730951613	0.27857109423949367	0.399288135712175	0.41826970133953467	0.40082215766343093	0.410555477392337	0.24013594502215554	0.3178186036208828	0.30031954798988986	0.30493691543744017	0.21769427070894623	0.19310961301577328	0.20347076703331696	0.19647304801318713	0.1900267889843781	0.20630902400314063	0.18451241760578102	0.19570189399984816
STAGATE_starmap	0.37081004071030416	0.3891788729415121	0.5458909168609486	0.403050574003146	0.5757465855178873	0.3246538257604655	0.34479734058710987	0.3431950254536354	0.32034231384363476	0.0	0.4645852129943308	0.4308641937998848	0.5325122678914755	0.6106656874450473	0.50454255834315	0.502216419735751	0.5472369059844255	0.39057696349690757	0.4785947801397564	0.6300236661527773	0.6089673593268623	0.47971762585772904	0.40753905837947524	0.38157865944823527	0.4552510351202807	0.47624774342478937	0.44530443782121665	0.4050002956094912	0.48511913929874223	0.6052865857647243	0.5351462368238529	0.560433106622106	0.6033975037587738	0.40505271290482486	0.4348688059703488	0.5239590446907576	0.4636191174039407	0.5068429575347462	0.36821215702427895	0.42846645459650023	0.4970484601035221	0.39757074905782663	0.4256751154729538	0.38950642342543546	0.3958951491855088	0.40192408844391514	0.4256751154729538	0.40192408844391514	0.41718325580718374	0.6164167227861882	0.5827157408509562	0.577518164012621	0.6053215692123456	0.3783210333096127	0.4565409065030074	0.4500743351009674	0.5397423204909736	0.45141502702564806	0.4134709674450602	0.4389749791857621	0.4183383555853173	0.4118697522355061	0.4357766362344524	0.3966109359970041	0.4416759452463445
STAGATE_default	0.4652402584770839	0.5382760673134546	0.47655839582919923	0.5420749161284236	0.4834171954613292	0.4629288573745106	0.48384166182764016	0.5010441155567986	0.4274857898912361	0.4645852129943308	0.0	0.37637460313746185	0.5190789803072301	0.5137010742355753	0.3575713380239904	0.3541713209348814	0.5626836399297266	0.48654945587424303	0.47847148116091615	0.4263988595257908	0.45068142391817534	0.4183485263764663	0.2500350547960308	0.24302503139084145	0.4038791997394752	0.33777326607783825	0.3508332285840361	0.34575668844628926	0.3217182862138841	0.48305064105873224	0.4289889288651995	0.4312366773912298	0.400636473398867	0.5379898544820249	0.38761712752264305	0.4702400267730997	0.49109900336338264	0.4172486407071363	0.44921554553290505	0.4679542829228995	0.4084052445520734	0.3370454536980337	0.36277462728676585	0.32562655381080124	0.33636677560487865	0.3362273156658296	0.36277462728676585	0.3362273156658296	0.3692648266932733	0.41534481125168893	0.40716489067241834	0.3659190542886373	0.4083709314329443	0.35501198985608484	0.43562586310591683	0.44288937194136463	0.5003688801363789	0.34102257433728916	0.3027220437146748	0.3335736456303603	0.32767343554720607	0.30736441756878513	0.32219824524025664	0.29285931230001166	0.2914548107940361
STAGATE_slide_stereo	0.39644754479031935	0.3786543068014123	0.5180551107142598	0.3740667144406827	0.5118282111761178	0.3268783340584839	0.3189005238574867	0.32664447024669113	0.3093296087206712	0.4308641937998848	0.37637460313746185	0.0	0.47248327712100097	0.4907944983339826	0.3939655822210659	0.39348664081273044	0.45478846371531745	0.36845827514366214	0.3849753192675839	0.42362742194084724	0.48912764115054014	0.49029183891140266	0.3776326462225803	0.3800500736399252	0.49322926486858326	0.3933313017795595	0.386868126699308	0.41516603122061274	0.40269368161342334	0.4281436804821232	0.4586648435173758	0.45769399021490054	0.36579749607006157	0.4062798390583746	0.379769363428615	0.4320461027600995	0.3764685371924065	0.41152343751950404	0.33593761546339823	0.35202321667639297	0.40742233023705127	0.4981687614072551	0.47175531897649714	0.4808864468396398	0.49628431736057965	0.502593658883527	0.47175531897649714	0.502593658883527	0.4753241490075889	0.41590645569241913	0.40507454381189056	0.4376110489250617	0.40997216000733794	0.3598008173257751	0.39317103098908995	0.4414434570530417	0.4462952170192776	0.4203602582167971	0.37322957582783717	0.397970382070652	0.37471530110675544	0.37186269845606035	0.3932108542680297	0.3594247881344635	0.3432422274302329
STAGATE_1	0.44733595442172647	0.39906234091180176	0.5992087358655958	0.3977250144403526	0.6128268876883123	0.3455290310651929	0.3475689544630975	0.3603974304319892	0.3180662099108623	0.5325122678914755	0.5190789803072301	0.47248327712100097	0.0	0.5027614204523198	0.38042463730042	0.3796320121630026	0.5428723188022964	0.3588662306064704	0.39492722674996467	0.451586943631891	0.48672885041992736	0.4913588697567041	0.3746054401870261	0.35461981679106547	0.4687494974241858	0.42932495491006123	0.4489702014856547	0.45613779924681047	0.3965192218468622	0.5115489391007503	0.49691019938405573	0.5249648587035698	0.4820325987881453	0.41670105355030385	0.39800113985426233	0.44600531410353406	0.40059593720651093	0.3859338764171234	0.3432178531007951	0.3960790026944171	0.38286077545609803	0.4193452726405147	0.43928023728509374	0.402614797267016	0.4210469297240094	0.4232767408123176	0.43928023728509374	0.4232767408123176	0.4468085075476304	0.4999201264510121	0.4780799616685557	0.45671438303767614	0.4918230633998653	0.4729272787010284	0.5331990724731288	0.5799320448959149	0.6485043041874506	0.41715488488310704	0.36907030195593454	0.40112198389320697	0.3819601738313232	0.36834767981972455	0.3841546734218859	0.354883514081841	0.35600831218635276
BayesSpace_default	0.5030353094527273	0.5324882520379002	0.5617975153773047	0.5379020560550433	0.5556467582478644	0.3861809237686266	0.46198048053527185	0.4636919936807146	0.44198301945503793	0.6106656874450473	0.5137010742355753	0.4907944983339826	0.5027614204523198	0.0	0.5387204625834545	0.5314232090846603	0.7643919129765239	0.5545175757073831	0.6198699239377724	0.5653448231779221	0.6240609867715486	0.5257679766923395	0.3621451905748899	0.3486325052289008	0.5061367080101151	0.425359152333276	0.41509874557194426	0.43317026246092	0.4125345993888197	0.6215631374540209	0.4861118744839261	0.4898513100419276	0.495165855873965	0.5290608511047847	0.4329445105444077	0.6232904495640336	0.5259461516649241	0.6013105340849625	0.4800012313422661	0.484462771569808	0.5861082615762624	0.41546572913982205	0.418903088790221	0.39725182646985335	0.4147480269460957	0.42042839653781505	0.418903088790221	0.42042839653781505	0.43034244142294426	0.5747135450332085	0.5692343093465059	0.5744726200263149	0.5705750169658295	0.4135037533726866	0.4444124358575185	0.49324259957273836	0.5322886803854939	0.40174165694544206	0.3553152509710482	0.3856162194681205	0.37428796690093186	0.35332994090460657	0.37870869472974117	0.3453136812872357	0.3467001677266744
BayesSpace_melanoma	0.2940131005835071	0.3419331157918194	0.38630697832572697	0.33849430800482394	0.37635143666925414	0.30249770128279024	0.3010713508498671	0.30715114976356045	0.306996660668974	0.50454255834315	0.3575713380239904	0.3939655822210659	0.38042463730042	0.5387204625834545	0.0	0.9777101064597647	0.41578403955027454	0.35507967935724677	0.41400693046429343	0.5922329998405198	0.6467613816405828	0.38286611104944823	0.4470246290670955	0.4332130187452069	0.3705879899754854	0.39329092347474875	0.4335528009988797	0.4021569080449434	0.44010166189203176	0.48536277745181994	0.4953361744427244	0.47836957672217967	0.46709143178635343	0.342633383563161	0.35630628474263537	0.5493478290666212	0.3683284038410124	0.5962282604952651	0.35193704288313393	0.3291147227863958	0.5841507830742412	0.32945089618522627	0.3599544069942883	0.3361374657303011	0.3286681568459658	0.33273961795313467	0.3599544069942883	0.33273961795313467	0.3719344915499685	0.6063200705079813	0.6118853302473362	0.538555424272683	0.6163891158356993	0.421267717692333	0.45737285630541363	0.3984246872705356	0.4172335838465248	0.36630776063943216	0.3686707563856269	0.37404924834088876	0.35888349254094604	0.36447760077192864	0.3581233324308207	0.3809942382486565	0.35335460121625095
BayesSpace_1	0.29072851281219514	0.33885659648866034	0.38202211203991715	0.33580912928515977	0.37256030000025103	0.302098141279313	0.2997821883961573	0.30671696373481666	0.3046009223634983	0.502216419735751	0.3541713209348814	0.39348664081273044	0.3796320121630026	0.5314232090846603	0.9777101064597647	0.0	0.4115798585337337	0.3513712812564113	0.40956681504279363	0.5843403411087348	0.6395955604900225	0.38035827361756663	0.44513818675245526	0.43126639345769846	0.36861306546419875	0.3932621795966505	0.43048535147462724	0.3986600500689813	0.4426601395394951	0.48310115325282976	0.4948452539230037	0.47598544636861206	0.46773352205477786	0.33774773057740415	0.35316004944327667	0.5385895038215753	0.36208374216358946	0.5876526815724199	0.3496884720144587	0.3230705867874891	0.575662135685946	0.3278505129416981	0.3576181144588367	0.3343391532599053	0.3270464581000228	0.3306416739530112	0.3576181144588367	0.3306416739530112	0.3700021247051804	0.6046535353201653	0.6096235832577306	0.5377395074709994	0.6153622507613136	0.42438829604903744	0.45670750060198906	0.3978987109942495	0.4147255128308279	0.3643097708207671	0.3682411149852415	0.37378848067829473	0.357009522064971	0.363381752103464	0.3577682407597779	0.38143938463251287	0.3535247771186036
BayesSpace_scc	0.5512121577652798	0.5868274119277282	0.5495749664119336	0.5872836586946516	0.5565282041347012	0.4155698770350363	0.5087207951949431	0.5171138946834883	0.4762217243614626	0.5472369059844255	0.5626836399297266	0.45478846371531745	0.5428723188022964	0.7643919129765239	0.41578403955027454	0.4115798585337337	0.0	0.5165365252046243	0.5124733697761003	0.4379093161290063	0.4966064418393837	0.48928627151219334	0.29482766987693926	0.28486244111083575	0.471622521253096	0.39281586340105507	0.37139209266273393	0.4193389263374732	0.3740506909059052	0.639552944012732	0.435530323346542	0.43954334318993105	0.477559564098917	0.557611266472843	0.4422899144577415	0.5474617007239345	0.5046187488557574	0.5019315206482186	0.49321450973610614	0.5211426876723728	0.48850757556297336	0.40700800295073136	0.4033353546180955	0.38730183062354423	0.40627146402673336	0.41003066162811325	0.4033353546180955	0.41003066162811325	0.4141536010031787	0.4793323120166404	0.4749506924720332	0.4783363179835258	0.4712934715529515	0.40466513583282104	0.41467294245122194	0.47563674492385577	0.5439902291504563	0.39345470370375557	0.3461304077501232	0.37541776704911295	0.3564823830303888	0.34567504217092726	0.3678329665890535	0.3298076025041971	0.33511555201200677
bass_starmap	0.5560094115485313	0.606407365843601	0.41301424533963343	0.6371841937336112	0.41276284287163884	0.5259265623486215	0.5957449814924536	0.5713762660034876	0.5363859836665887	0.39057696349690757	0.48654945587424303	0.36845827514366214	0.3588662306064704	0.5545175757073831	0.35507967935724677	0.3513712812564113	0.5165365252046243	0.0	0.6831914043721015	0.4397155051089163	0.4544261133776483	0.4247616258735488	0.281936029563788	0.2701815051742414	0.4074324061558159	0.31706615276802363	0.2598672193193068	0.3079935203084926	0.2857607436953832	0.4422045990646015	0.28062441737694704	0.30040378277792124	0.39826332672755205	0.559228663347123	0.3784839149181966	0.4750308127924941	0.4118059653012188	0.46273435395302903	0.506593217563263	0.4539038526625932	0.45619588374838826	0.3018719417442445	0.2727120648027233	0.286625577364511	0.3021701010222731	0.3052283016280103	0.2727120648027233	0.3052283016280103	0.2873938961764134	0.43722196504238287	0.4343096073014443	0.4469123229891318	0.4425941402924143	0.2624406047502706	0.3270755906672881	0.33329822393234904	0.37159571787845586	0.23467264471660057	0.20139708153592714	0.22218922574742672	0.21097681491803544	0.20197343484186966	0.22270418826180613	0.18807637384583487	0.21191081182687754
bass_default	0.41743375137094846	0.4584239901384969	0.4298342756044327	0.4739653210213118	0.4410276041061542	0.4012293047159256	0.434381088352132	0.41716938376767715	0.4092300625192521	0.4785947801397564	0.47847148116091615	0.3849753192675839	0.39492722674996467	0.6198699239377724	0.41400693046429343	0.40956681504279363	0.5124733697761003	0.6831914043721015	0.0	0.5458398009454045	0.5269928310573117	0.4669726115615481	0.3458428847486075	0.3309721689262154	0.44666465043976794	0.391706401038003	0.31540737794101026	0.3248456458872686	0.35633443621363403	0.4596912808756624	0.34384770325190317	0.36752369610906366	0.4540859290586256	0.470297980532585	0.41380578219354996	0.4551296661481319	0.4353165667819458	0.4694673548166644	0.4425443744941813	0.426728311364719	0.45893112247340956	0.3283987237686906	0.3369891579768013	0.31345352670888893	0.32842580349922945	0.3334060026349077	0.3369891579768013	0.3334060026349077	0.3489397146322124	0.4885489942506844	0.48827746443989367	0.4968878794625527	0.49485571012472884	0.3167706155437791	0.3718624213278676	0.3847850856846539	0.4091623787613285	0.2994645869322637	0.2565858862125156	0.2858101458484911	0.2811685966100291	0.26102461286405143	0.27763312198784135	0.246105485467097	0.2835009445726319
bass_dlpfc	0.31887753431015464	0.3700147276518115	0.4630949960527352	0.38027176577353067	0.46300379093080624	0.35662034017597416	0.3573985380398423	0.35539141597450824	0.3690101736224741	0.6300236661527773	0.4263988595257908	0.42362742194084724	0.451586943631891	0.5653448231779221	0.5922329998405198	0.5843403411087348	0.4379093161290063	0.4397155051089163	0.5458398009454045	0.0	0.7923495921819651	0.49389219337877516	0.4335038692371128	0.41966669494671716	0.4705636208280922	0.4682491645303965	0.42481215647887677	0.402544009052307	0.45611407593853986	0.4905151247891555	0.5225143326755537	0.5438225020569732	0.5307053387737773	0.37711582467628213	0.5309140335310552	0.5623511677408064	0.4451248695044904	0.6376325651009679	0.3252631427444047	0.3616510222624777	0.6315740567230947	0.3669358969669617	0.4188917418771507	0.3590902979766549	0.3667994656269066	0.37123903425104915	0.4188917418771507	0.37123903425104915	0.4091264044728411	0.6691680969921994	0.6954347773454583	0.602392411292221	0.6929750005779138	0.3331475408264848	0.5010352807161511	0.4412080339952954	0.4465426884147402	0.39315298301648016	0.35415266272411605	0.37664235473346147	0.37424062011923526	0.35669246686876477	0.3730914658007618	0.3466855968551713	0.3968186387288961
bass_1	0.3783594409108133	0.43072957643656884	0.47687697001476326	0.4295259290016573	0.47218632212191003	0.37628337895793545	0.38318550769214105	0.38814388344899575	0.3755035562333832	0.6089673593268623	0.45068142391817534	0.48912764115054014	0.48672885041992736	0.6240609867715486	0.6467613816405828	0.6395955604900225	0.4966064418393837	0.4544261133776483	0.5269928310573117	0.7923495921819651	0.0	0.45807742578975574	0.4393517422248072	0.42705331521224393	0.4433514889387978	0.4548309964932281	0.46986288262391274	0.4643153899216759	0.47059831512764544	0.54851485909084	0.5388500236905399	0.5610837807253078	0.50201158978596	0.43288113234843956	0.4542534650007633	0.6512377675991347	0.47108707859132914	0.7081805778015554	0.3861426807785798	0.4044696871714293	0.7059565856745055	0.4117322986172008	0.45697547201078115	0.4033933179595323	0.41046261600529177	0.4165125682247513	0.45697547201078115	0.4165125682247513	0.45240501657353704	0.6877022359540849	0.6835348370269166	0.6338223315684126	0.6855948749851906	0.36431526956995314	0.5504503074848182	0.4694958475106316	0.48491129396708793	0.43161120150159454	0.39355707067529616	0.41849983163334514	0.41246911812142	0.39306882531267817	0.41575560237419745	0.3815306333496862	0.37503612148817433
spaGCN_default	0.3931677883266634	0.33474019284966533	0.4875204424961173	0.3470181178150669	0.4946893804250314	0.32026297334163956	0.33556295018948096	0.3331798777116967	0.3372032197926979	0.47971762585772904	0.4183485263764663	0.49029183891140266	0.4913588697567041	0.5257679766923395	0.38286611104944823	0.38035827361756663	0.48928627151219334	0.4247616258735488	0.4669726115615481	0.49389219337877516	0.45807742578975574	0.0	0.3803586355282654	0.36433132502636634	0.9045749932975334	0.4111291679602425	0.34649394768188435	0.36464754496636176	0.4155385457996052	0.41686479692163775	0.47065139233015707	0.4652753016919737	0.41506015383054795	0.35335699130179055	0.38644605576499874	0.41690979167259107	0.36570283244738905	0.39552429075608364	0.327857194796849	0.3477671851448114	0.3921807208900811	0.4151637459514819	0.4246221606186172	0.3868244676893685	0.4134359973146387	0.4155846528443732	0.4246221606186172	0.4155846528443732	0.4443645938208262	0.4199574458402679	0.4093861638282421	0.3930923569387603	0.4230667345783122	0.39195465134233315	0.4003977851939957	0.4831497902040088	0.4934155233570669	0.3973708047395309	0.36526470002076766	0.37446164239390023	0.3517473027459623	0.36320770452376394	0.3825108405275945	0.3635015602014143	0.398073441125824
spaGCN_2	0.24668833006880933	0.24113100622539024	0.36067191884743255	0.24252089023287915	0.3374788905241443	0.234273183813891	0.2268416308616653	0.23384346220191018	0.21071557095758034	0.40753905837947524	0.2500350547960308	0.3776326462225803	0.3746054401870261	0.3621451905748899	0.4470246290670955	0.44513818675245526	0.29482766987693926	0.281936029563788	0.3458428847486075	0.4335038692371128	0.4393517422248072	0.3803586355282654	0.0	0.8724766578783882	0.3618449173875127	0.33113825475084907	0.35821025569557724	0.34641907069492184	0.31946765332136023	0.32120106535223286	0.3739373160960642	0.3665307855818173	0.3461564274368614	0.2661701121426842	0.3167502263258473	0.3594222715131893	0.2740114325905841	0.3611218036400995	0.2245776365067324	0.25691510446137	0.35934980128922206	0.3178092280375571	0.32702052348540994	0.3242303523447612	0.3167365562161419	0.3175718928362905	0.32702052348540994	0.3175718928362905	0.32810015417580074	0.40711164697949104	0.402065710220595	0.4336548879800776	0.40687988456876595	0.34489696193039365	0.3144648001103674	0.32921903225919685	0.33436240995203764	0.3075526852171297	0.27766556341677157	0.2928820882086803	0.30089386919815	0.27635646386740226	0.2806877181673376	0.2852090442801279	0.33012057642638787
spaGCN_3	0.2369005789608292	0.23423577648720711	0.34495610270104193	0.23288701209610332	0.31690762891050844	0.22547384908787665	0.21758006772949004	0.2228725899650985	0.20315685075376252	0.38157865944823527	0.24302503139084145	0.3800500736399252	0.35461981679106547	0.3486325052289008	0.4332130187452069	0.43126639345769846	0.28486244111083575	0.2701815051742414	0.3309721689262154	0.41966669494671716	0.42705331521224393	0.36433132502636634	0.8724766578783882	0.0	0.35875167801093977	0.325492772978856	0.3435152378878096	0.329849593070727	0.3186981365792032	0.3115653679423413	0.36059928345092207	0.35461784606933705	0.3314834925697978	0.25524996370771325	0.3024902684051617	0.3499862859064969	0.26763036254538575	0.35125996014916394	0.2160998617913646	0.2462546730108341	0.35038077576435805	0.3131906312173562	0.3282999694455243	0.32016932292438005	0.3120186276681357	0.3120559417885888	0.3282999694455243	0.3120559417885888	0.3302522615631215	0.39214677143939164	0.3833709218255442	0.4102720118977438	0.39101651684868766	0.3182348421317046	0.29554126906875827	0.3113256763157555	0.31882045728690955	0.30728811322923305	0.27834142254980215	0.29335377021836456	0.2990822657148877	0.2757832663736944	0.2794951607864895	0.2858901945548676	0.32529965730676474
spaGCN_1	0.38153890221569975	0.3264145706913032	0.47385166903958265	0.3345298062825784	0.4713099721188724	0.3145868546748184	0.326303113159081	0.3233614077541778	0.3268891350940069	0.4552510351202807	0.4038791997394752	0.49322926486858326	0.4687494974241858	0.5061367080101151	0.3705879899754854	0.36861306546419875	0.471622521253096	0.4074324061558159	0.44666465043976794	0.4705636208280922	0.4433514889387978	0.9045749932975334	0.3618449173875127	0.35875167801093977	0.0	0.4045072995759263	0.3363787750321196	0.35430423476678485	0.4162178773777945	0.4021318995716448	0.4473998800643681	0.44358025340626805	0.4006685110395543	0.34678902010206564	0.37587209675076183	0.4082105031549806	0.35768068243043627	0.38878777424302713	0.32173438866062914	0.34344938493716964	0.3843202388730699	0.415015947441826	0.42382616106690674	0.3863356993912784	0.4130576963852435	0.4136475648024717	0.42382616106690674	0.4136475648024717	0.4428175732654708	0.40296440743399203	0.39164409813480716	0.38105784573526985	0.4042355995774513	0.37657285683455544	0.3840361292796651	0.4628686585660449	0.4746503865675952	0.3989540616880875	0.3705746890845908	0.37722685882239215	0.35442882865127273	0.3687304996989399	0.3865847409324477	0.3692804031567153	0.399056445175145
stardust_default	0.26448744349294945	0.26497984164796146	0.3929964586181354	0.267492287985564	0.4416114746547643	0.21983468364095918	0.24372386432403562	0.24105130077565573	0.2365609417066439	0.47624774342478937	0.33777326607783825	0.3933313017795595	0.42932495491006123	0.425359152333276	0.39329092347474875	0.3932621795966505	0.39281586340105507	0.31706615276802363	0.391706401038003	0.4682491645303965	0.4548309964932281	0.4111291679602425	0.33113825475084907	0.325492772978856	0.4045072995759263	0.0	0.4806346585447493	0.3963586451721565	0.6216806590177225	0.4731434560066967	0.46728484503826845	0.48025384431666346	0.5141768185226638	0.2946022170134573	0.34330359129741606	0.3982116448267895	0.32152154769833635	0.38974815461675566	0.2696565598684718	0.29445596760355647	0.38471014299268597	0.3856597615989995	0.4235213245937233	0.38149614227801254	0.38482951619674394	0.3878251204732595	0.4235213245937233	0.3878251204732595	0.437605224635075	0.4675217165818806	0.469784660641971	0.42470760029320026	0.4702560119726548	0.39319658813474573	0.44560886602649286	0.4729224753535646	0.48645415275442594	0.4021742143544062	0.3736454295527284	0.41321923396285887	0.4011306780393565	0.3753342491299115	0.3886849989054883	0.36070536248501545	0.40514423265909444
stardust_tutorial	0.28995904470400957	0.27980038358510834	0.39914637472007153	0.29645018296912445	0.4433745622959468	0.2093124244276518	0.21221663240068248	0.22395123197892444	0.21650173098282696	0.44530443782121665	0.3508332285840361	0.386868126699308	0.4489702014856547	0.41509874557194426	0.4335528009988797	0.43048535147462724	0.37139209266273393	0.2598672193193068	0.31540737794101026	0.42481215647887677	0.46986288262391274	0.34649394768188435	0.35821025569557724	0.3435152378878096	0.3363787750321196	0.4806346585447493	0.0	0.6467118480997518	0.5501147858751573	0.4714211564715578	0.5170026586987287	0.5493037925381209	0.4433748106438401	0.31986579305321067	0.28972823270093917	0.41503335337491953	0.32507800029355566	0.4103350562220062	0.284870665952396	0.28977704543014443	0.404032257988446	0.3823624921204728	0.4091307406359889	0.37914411004368814	0.38231723037118714	0.38381314908811237	0.4091307406359889	0.38381314908811237	0.4216524157420247	0.45798130769709894	0.4535841436406496	0.4240899867355996	0.45289021098407856	0.4981029720615929	0.5190769208116703	0.5020865116753666	0.4791156218566455	0.39791026849909494	0.36349303268762245	0.415071130335819	0.4088129025059985	0.36240610547547386	0.37379521712674924	0.356091489782826	0.3420672637965039
stardust_2	0.33726010861413597	0.3141561627272621	0.422035660062297	0.33037679742893744	0.4611685399511851	0.2581706970945327	0.2524858693843055	0.26946959377093277	0.2619751778490639	0.4050002956094912	0.34575668844628926	0.41516603122061274	0.45613779924681047	0.43317026246092	0.4021569080449434	0.3986600500689813	0.4193389263374732	0.3079935203084926	0.3248456458872686	0.402544009052307	0.4643153899216759	0.36464754496636176	0.34641907069492184	0.329849593070727	0.35430423476678485	0.3963586451721565	0.6467118480997518	0.0	0.4157546975691564	0.46111519892072106	0.44456590818891195	0.4630425655598329	0.41217436330170937	0.3349955821280686	0.3098987486925281	0.4213563293985913	0.33916742278785383	0.4254570290544679	0.3431377855226336	0.31045669324780184	0.41704989021431066	0.3744640342447496	0.366103460537556	0.362020900641112	0.3739105030514241	0.37854554584104805	0.366103460537556	0.37854554584104805	0.38229939952822994	0.46201903700075486	0.4566243289232798	0.4034358844687665	0.4549986518299222	0.4894287677730152	0.5124467850225151	0.5880117412886275	0.5393536734356196	0.3578737108755887	0.31911397913445916	0.35292652439168504	0.35267707310208124	0.3248549463470557	0.33351715097441753	0.3129480003683629	0.2982798894786406
stardust_1	0.2593239824839431	0.2597799610834703	0.38615624903617507	0.26761515247123147	0.42464876884515185	0.20963185385597316	0.2221907680765643	0.22613066059868914	0.22441438319394422	0.48511913929874223	0.3217182862138841	0.40269368161342334	0.3965192218468622	0.4125345993888197	0.44010166189203176	0.4426601395394951	0.3740506909059052	0.2857607436953832	0.35633443621363403	0.45611407593853986	0.47059831512764544	0.4155385457996052	0.31946765332136023	0.3186981365792032	0.4162178773777945	0.6216806590177225	0.5501147858751573	0.4157546975691564	0.0	0.48347983125228383	0.5093437935429261	0.5083163724348335	0.5150959909336628	0.2715397860177631	0.3282450505602894	0.40055373391032795	0.29651308382685965	0.40374833322789544	0.2505561799801715	0.2655035692372414	0.40024964753801195	0.39127581222603125	0.4127007265313746	0.3833140377081069	0.3910956261384005	0.39615604342872257	0.4127007265313746	0.39615604342872257	0.4230108567676763	0.482221612479274	0.4686668915659178	0.4459293997702518	0.4824406955359735	0.3888123852863908	0.4380359957840248	0.45726318424348456	0.4728787564632359	0.4065383090067998	0.3953500039382814	0.4336902841915701	0.4116890505237915	0.3918065840336466	0.4146682607260359	0.3829127578632341	0.4013165917040344
SpaceFlow_default	0.4415942045841112	0.4669042179914903	0.49516729534363985	0.4651167567760135	0.521377020328619	0.3404528324226186	0.38892524164161885	0.3921141280430771	0.3939122621788038	0.6052865857647243	0.48305064105873224	0.4281436804821232	0.5115489391007503	0.6215631374540209	0.48536277745181994	0.48310115325282976	0.639552944012732	0.4422045990646015	0.4596912808756624	0.4905151247891555	0.54851485909084	0.41686479692163775	0.32120106535223286	0.3115653679423413	0.4021318995716448	0.4731434560066967	0.4714211564715578	0.46111519892072106	0.48347983125228383	0.0	0.5276380599552667	0.5574586818882195	0.7516538281814598	0.4599549783792031	0.40758965512878426	0.562492209894803	0.4715416295721826	0.5309055616854936	0.4195479845132466	0.417749767795208	0.5231624231386156	0.3530135370322259	0.3867984093778933	0.3455464698100735	0.35331098792224835	0.3573448578714418	0.3867984093778933	0.3573448578714418	0.39501548143902343	0.5816530738239456	0.5669397283974533	0.5425187324363092	0.5725590959623355	0.3837785083752102	0.482341400202569	0.4699424146323198	0.5975502683853383	0.3957143894266461	0.3703204457616508	0.41501960477780414	0.39830068846255173	0.37252623840406984	0.39204652032219744	0.36277240117381054	0.3511529317519996
SpaceFlow_2	0.30742378822349853	0.31273945954614923	0.4428729615707975	0.3079725270470645	0.45691197929573996	0.2469094486986018	0.25095174969031697	0.26148251726283966	0.25023189401321083	0.5351462368238529	0.4289889288651995	0.4586648435173758	0.49691019938405573	0.4861118744839261	0.4953361744427244	0.4948452539230037	0.435530323346542	0.28062441737694704	0.34384770325190317	0.5225143326755537	0.5388500236905399	0.47065139233015707	0.3739373160960642	0.36059928345092207	0.4473998800643681	0.46728484503826845	0.5170026586987287	0.44456590818891195	0.5093437935429261	0.5276380599552667	0.0	0.8272537948640061	0.46434504855628245	0.33406297479003977	0.3870121502172976	0.4489053478275199	0.39080913683334106	0.44193890933094215	0.301528718422387	0.3180020071207957	0.4343146449668417	0.4233701696393365	0.485780051991365	0.41480191027492413	0.42093814482061503	0.4292023097319815	0.485780051991365	0.4292023097319815	0.4895319202007039	0.49026095109356876	0.4898220559648892	0.44857375919423226	0.4936634167721756	0.414989882474443	0.5116518002521256	0.5078736945749642	0.4939861643771457	0.49209423810287345	0.45847496417242894	0.5070294958007637	0.4873282267099162	0.4576218011101946	0.4650762157519642	0.4506301360469877	0.4468446190918073
