	label	GraphST_default	GraphST_2	GraphST_dlpfc	GraphST_1	SEDR_default	SEDR_2	SEDR_dlpfc	SEDR_1	STAGATE_starmap	STAGATE_default	STAGATE_slide_stereo	STAGATE_1	BayesSpace_default	BayesSpace_melanoma	BayesSpace_1	BayesSpace_scc	bass_starmap	bass_default	bass_dlpfc	bass_1	spaGCN_default	spaGCN_2	spaGCN_3	spaGCN_1	stardust_default	stardust_tutorial	stardust_2	stardust_1	SpaceFlow_default	SpaceFlow_2	SpaceFlow_3	SpaceFlow_1	DRSC_default	DRSC_FindSVGs	DRSC_all_genes	DRSC_FindVariableFeatures	precast_default	precast_dlpfc	precast_1	precast_BC	seurat-louvain_louvain_3	seurat-leiden_leiden_4	seurat-leiden_leiden_1	seurat-louvain_louvain_1	seurat-louvain_louvain_4	seurat-leiden_leiden_2	seurat-louvain_louvain_2	seurat-leiden_leiden_3	CellCharter_default	CellCharter_2	CellCharter_dlpfc	CellCharter_1	BANKSY_starmap	BANKSY_default	BANKSY_github	BANKSY_dlpfc	scanpy-louvain_louvain_3	scanpy-leiden_leiden_4	scanpy-leiden_leiden_1	scanpy-louvain_louvain_1	scanpy-louvain_louvain_4	scanpy-leiden_leiden_2	scanpy-louvain_louvain_2	scanpy-leiden_leiden_3
label	0.0	0.44788431119671596	0.4918612349163188	0.4577981254990074	0.5063631854476583	0.544075333539634	0.5582845163604262	0.4898125862004544	0.49651476486845875	0.49833029171022186	0.523629843009734	0.3609426745071061	0.47038182795751876	0.5094724972697232	0.5019781448540587	0.5040997487717239	0.5093879713297964	0.49667683079044295	0.4670823218448689	0.5381791932582822	0.5271450893240939	0.4927395071970696	0.449576571212131	0.41588495668751296	0.47192530933195614	0.3738116809604835	0.3673005286158378	0.19133889244000463	0.37266440225799835	0.47005805410698337	0.43443657759819004	0.3079178952266941	0.5008607742418961	0.4942182639975263	0.4277903117167387	0.5150583075128761	0.4171517993413548	0.510113025972083	0.5788918497283592	0.4367832297151154	0.5048208776242603	0.4230998910672387	0.3611373855627665	0.37871867147900207	0.4313017059685713	0.4166481040646127	0.3611373855627665	0.4166481040646127	0.43959588375082503	0.4593622856189805	0.4301394557257994	0.5023102035585613	0.45804769979727966	0.36356884081368274	0.45693671401322816	0.447994999547743	0.46549844911202587	0.2549976173417571	0.20424787254846297	0.2581427238692373	0.27644278602771766	0.2070750648253606	0.201186640268635	0.21355230319763505	0.30349634919283575
GraphST_default	0.44788431119671596	0.0	0.6975618431268448	0.7886334477879686	0.6608837062176267	0.6444532925120124	0.5834569059474805	0.7435031519359373	0.7216198264591781	0.5666842077590737	0.6293138711602944	0.328912205239821	0.43675915329459436	0.7272534268885095	0.6099896499384087	0.611178677151747	0.7256059384716201	0.5611506513208212	0.5143881990965764	0.5852377313159097	0.5657366738861342	0.7001153920059014	0.4511331650777379	0.42723451657337363	0.6632561485750363	0.2700365365198411	0.278182641698496	0.2091310512831207	0.31048919159351485	0.36691503102072104	0.30209824140431324	0.2747614014663976	0.3696104757521925	0.6210576772432361	0.6046132822254745	0.613482130460024	0.5134418947970748	0.6057721013308957	0.5615415836118212	0.4993841867569576	0.6023040300773091	0.3972354656701795	0.3422050320410557	0.32873208385666697	0.4052765110270783	0.3957050501492543	0.3422050320410557	0.3957050501492543	0.4163249762443259	0.37038453802578747	0.38180663152863775	0.4383197320193928	0.5132290516785071	0.3499518500636148	0.502059978893091	0.3531000759253657	0.489498898003403	0.20104017036208027	0.21276206288376723	0.1933390012812373	0.2795550685044172	0.18691361369881204	0.2243625396152993	0.22086343313934226	0.2283874596501436
GraphST_2	0.4918612349163188	0.6975618431268448	0.0	0.6417829262342913	0.7199928772681367	0.6542691048056241	0.598261878139173	0.667738451456478	0.6505511886002231	0.5838685239536402	0.6017343144515824	0.44467041306830374	0.522304483631168	0.6909309176685439	0.647854411965762	0.6440692837443512	0.6910079357418036	0.631450080934205	0.5968562504508312	0.6359373158342919	0.6183360792978351	0.6872109775376332	0.5304609151460979	0.5042456156763392	0.6608078751774338	0.353872183107174	0.3589592924546454	0.22563624974501859	0.3773433264731722	0.4235370911512517	0.3834772741470249	0.3446666864941648	0.44657415771454084	0.6421924682468176	0.6607315593601231	0.6413577658776136	0.591849204327253	0.6230264770480569	0.5590342480994758	0.4808445999761821	0.6202593098371115	0.46634704351528056	0.4574652414422248	0.4336662838073083	0.47376380786541744	0.46827367438151046	0.4574652414422248	0.46827367438151046	0.49237934825938356	0.5017963277756285	0.48534866052933867	0.49708337289658644	0.5686802492908237	0.4291380887997761	0.5542139623489909	0.4982231548575548	0.5609439551224185	0.27578293527470366	0.22970405892464577	0.26170436584113854	0.3177416491190389	0.23823381923532064	0.23865898848944728	0.259014731136487	0.29022771632804034
GraphST_dlpfc	0.4577981254990074	0.7886334477879686	0.6417829262342913	0.0	0.7339551122854013	0.6757633049489402	0.615313949688972	0.8063268496891768	0.771910605661853	0.6076414920300379	0.6532837370562369	0.307313511767015	0.4488373803488946	0.7564286282032809	0.6260571448596851	0.6269286301343014	0.7547191511967275	0.5681613800066267	0.5140122845295294	0.5939860125663274	0.5702487365275691	0.7388931016642448	0.44887474918557485	0.4211891728401559	0.6866299201612033	0.2616253145083221	0.2743942094189847	0.22312074083395284	0.2989253696759883	0.35926402699598775	0.3001312206781361	0.2824604195755578	0.35567435345029247	0.6326231362469996	0.61426361277051	0.6245869902753077	0.5208819518929859	0.6195817859473728	0.5678064913930676	0.5188365699142156	0.6154360043462656	0.38921808736107444	0.33134633933191215	0.3093255079682238	0.39580023842067014	0.3898809311970976	0.33134633933191215	0.3898809311970976	0.4025841878243134	0.36011744969809445	0.3944693076250419	0.4464323815337962	0.5435566040962369	0.36386797388861886	0.5353896680582507	0.35303741904286867	0.502559396623664	0.19427383206730806	0.21041998116670968	0.1918153904393987	0.2766082183852422	0.18666855924159825	0.22305059349366213	0.21492424093134735	0.2211558052017026
GraphST_1	0.5063631854476583	0.6608837062176267	0.7199928772681367	0.7339551122854013	0.0	0.6621207739434112	0.6495863003753106	0.7405561342097157	0.706964689487601	0.6123316124157328	0.605638341825973	0.39432472695123794	0.5199754509906128	0.7180460499783475	0.6672313296006565	0.6599070192609495	0.7190001093439032	0.62609409682824	0.5959705831288519	0.6272135927654455	0.6030921068887402	0.7404416574583809	0.5248809315007381	0.489582998724385	0.69314758282978	0.34625176877898045	0.3570222672090369	0.23484259184646408	0.3716308225478653	0.4175194648051008	0.38012992523855804	0.3531368444611524	0.44133223884325495	0.627458010555401	0.6706689807464379	0.6338498842772196	0.5992555352718067	0.6344997382737205	0.5690831785158036	0.5072113851405388	0.630636061666863	0.4586118634244259	0.42437578177378915	0.40063977247073884	0.4635708208264111	0.4595311941243154	0.42437578177378915	0.4595311941243154	0.4764640946680386	0.4901846029842774	0.5057766414557798	0.5100427534858399	0.6154370656507857	0.4645899918893718	0.6064355242653613	0.5068156109751102	0.5926290214491162	0.26497299023160725	0.22662209701985697	0.24997208219757822	0.3113083971604481	0.23025301242768234	0.23736809848080043	0.245061374113668	0.276361313482083
SEDR_default	0.544075333539634	0.6444532925120124	0.6542691048056241	0.6757633049489402	0.6621207739434112	0.0	0.7466861745258518	0.7201420483212355	0.689405011266428	0.6246861497202552	0.7726907892308845	0.3954232625791365	0.5648677401334179	0.7050697520077622	0.638801519303871	0.6373383103548174	0.7030852439419951	0.660992495744818	0.5470451630271409	0.7313170521868569	0.67847523021879	0.7090525599353236	0.5156787706955087	0.485585109324949	0.6691541021403539	0.3514085347373088	0.3461857662881201	0.19038983840632448	0.37859530816988995	0.4572675910606076	0.41035093721581994	0.35413454785002035	0.46632734618816174	0.7331240061129667	0.6292110743143403	0.7548499226976354	0.547907755133232	0.7860699303653061	0.5977930306138102	0.48553786479787764	0.7802646651393823	0.40913230919395205	0.4047355798877088	0.37093735479102047	0.416919227005215	0.4125574610177531	0.4047355798877088	0.4125574610177531	0.4334549742655552	0.4766603797965345	0.46984534980929205	0.4969501273991776	0.562868852644438	0.4282802633885944	0.5447601441632062	0.47658221975227716	0.5523635288955211	0.25313475178338773	0.23024984680732286	0.24957036385965017	0.29797369995700534	0.22195275709972728	0.20605147441605243	0.2420413301945463	0.2755618519922791
SEDR_2	0.5582845163604262	0.5834569059474805	0.598261878139173	0.615313949688972	0.6495863003753106	0.7466861745258518	0.0	0.6438853256555291	0.6993552165073547	0.574434090703209	0.6980665125643205	0.37371200402802535	0.5000372550693577	0.6406744647776446	0.6262608278780398	0.6219916898240033	0.6401476441995811	0.6281833313650871	0.5295644804344499	0.6797529221689177	0.6576750179875276	0.6369372782830661	0.48460880311054544	0.4529909532885293	0.6057461045438148	0.351921911223846	0.3392113055235258	0.18974668262154806	0.368164157026512	0.4605429102339096	0.3927871161105598	0.330685417276566	0.4777279531474757	0.6500233578719111	0.6000398854501726	0.651596538326954	0.5332761951188332	0.6762509920993842	0.5747161365962095	0.4907608804615403	0.672699469111676	0.40056171684291114	0.40384558852347185	0.36579495486009794	0.4073367776856173	0.3987158635007958	0.40384558852347185	0.3987158635007958	0.4234520021842694	0.46027967462240016	0.4726283477162412	0.47182975026349244	0.5406716747073472	0.40277235802454425	0.5083978978485114	0.46127057633174046	0.509099269792266	0.26864313621569713	0.21881972330239827	0.25572798163059185	0.2917491096523533	0.22041465443595576	0.19046192838949536	0.2377441623854402	0.2874752157003935
SEDR_dlpfc	0.4898125862004544	0.7435031519359373	0.667738451456478	0.8063268496891768	0.7405561342097157	0.7201420483212355	0.6438853256555291	0.0	0.8044200097781138	0.6202819423574999	0.6760712939684822	0.35045406816051705	0.4953867467268482	0.7647020557681192	0.6344962807845068	0.6277824318884183	0.7621207319120458	0.61541029227197	0.538730205816529	0.6190094013354678	0.5882484056722301	0.7700434187139354	0.48631606343634126	0.45755600033817	0.7155003776862993	0.3013671710940612	0.3183809985515351	0.2020643878213906	0.33722855467910345	0.40254014875555433	0.34761324719774966	0.3151432849499677	0.3993718689006257	0.6753057968142778	0.6776209926887894	0.6890065905247902	0.5406721893278611	0.6465623531711391	0.5813079507817905	0.48589667735574055	0.6435503974356487	0.40991905174020893	0.3656467964104607	0.3527392295494905	0.4139313276304278	0.4086769100007382	0.3656467964104607	0.4086769100007382	0.42768611635397347	0.41471780401153513	0.43594386338587454	0.48361652504106845	0.5664264701769715	0.4162488090642229	0.5621881293946579	0.4241949344923486	0.568086310356208	0.22729057040405604	0.2175268627018084	0.2142924595110216	0.2855564266424518	0.19653385970584145	0.22983877993795157	0.22120540131777217	0.24899647783383283
SEDR_1	0.49651476486845875	0.7216198264591781	0.6505511886002231	0.771910605661853	0.706964689487601	0.689405011266428	0.6993552165073547	0.8044200097781138	0.0	0.5916998037611151	0.6594703099779015	0.3623855817591839	0.4780539683786931	0.7620834995901069	0.661642783198241	0.6520115085408076	0.7594872477643297	0.6186603825999467	0.5967922209176645	0.6264524775482021	0.6166018524979316	0.7563749826710754	0.5197900302140652	0.4877740088810333	0.7034277358009345	0.3212916994913256	0.3248121894424844	0.1939354931373144	0.35134494133283417	0.4074843245379029	0.3496453986100191	0.3171607658290482	0.41266669246077203	0.6667195351452461	0.6550466781056705	0.643091474863552	0.5560561743469745	0.6201421349337961	0.6257894577833238	0.5296682653065298	0.6191433838623552	0.4053273760006019	0.39102916494291146	0.3609954734570237	0.4130546496023569	0.4053537940759794	0.39102916494291146	0.4053537940759794	0.4214353082991875	0.430006342118896	0.4421599508761069	0.48264017841633083	0.5788659107040095	0.3877996071803405	0.544224461866643	0.4049570786325085	0.5539218209378104	0.2478565999846433	0.21425729022493592	0.23337612669188115	0.27738206383677294	0.20449816907354973	0.2106873351510148	0.22459326879608588	0.27040743685441954
STAGATE_starmap	0.49833029171022186	0.5666842077590737	0.5838685239536402	0.6076414920300379	0.6123316124157328	0.6246861497202552	0.574434090703209	0.6202819423574999	0.5916998037611151	0.0	0.6736722122084625	0.37956994245833625	0.6047007657664966	0.6132845721793865	0.553001214785434	0.5540468099841235	0.6122401055750427	0.6116805480894211	0.5815259027264538	0.6280536648136972	0.6186019278729316	0.6117016617105526	0.4359800605755487	0.4130807153549722	0.578931491633628	0.3717410441542582	0.3893349920461438	0.2443499337074702	0.39360499671476146	0.46004557747441954	0.4668275167016495	0.3686757224906792	0.4679965685083331	0.6112217284190239	0.5577982424479608	0.5977356349187402	0.5195297853817348	0.6250500638268557	0.5373573557259936	0.40978230912566893	0.6195699575112382	0.4310764389702478	0.40859959024111325	0.3947908258389753	0.4336675495361947	0.4321215544824617	0.40859959024111325	0.4321215544824617	0.4533331049876505	0.45818778366624735	0.48318162928193187	0.5122549383188251	0.5609935748565021	0.4025841846246073	0.5189766938804441	0.4547621994218376	0.5215664216120305	0.27719923817965947	0.21684825521199017	0.26398998111729616	0.3045559298894805	0.22782510709080503	0.20260091872090943	0.2508491249295389	0.282083928663204
STAGATE_default	0.523629843009734	0.6293138711602944	0.6017343144515824	0.6532837370562369	0.605638341825973	0.7726907892308845	0.6980665125643205	0.6760712939684822	0.6594703099779015	0.6736722122084625	0.0	0.3680511184395081	0.5431797713815038	0.6708378070546752	0.5995419556201468	0.6010109164239482	0.6693596060961956	0.6337664865073176	0.5141073731823675	0.7328584107783465	0.6888615656819603	0.6698397551133021	0.470585512306213	0.4466085597313768	0.6382586251814352	0.33198008043611527	0.318288063381892	0.1859262465822488	0.36054391148061976	0.4564152113496907	0.4000611080794492	0.35664533835857853	0.4572221627683616	0.737571178357442	0.5864663855377034	0.7339086310859898	0.5103849092699861	0.7313915422411312	0.5658616629218088	0.46223931224812786	0.7271417737435346	0.38611254310164606	0.37930042190908925	0.3493035035803352	0.39142173775120115	0.3847747604771027	0.37930042190908925	0.3847747604771027	0.4071713462129306	0.429146847458151	0.46425848912679946	0.48403564803417765	0.5096446019878828	0.39786590216870815	0.4929223235355789	0.42924196697425343	0.4975660785111365	0.24242354265732272	0.2244679672644086	0.23948938491438468	0.2867527859290279	0.20918534336953332	0.1961688903564853	0.23216594418521208	0.269372920529791
STAGATE_slide_stereo	0.3609426745071061	0.328912205239821	0.44467041306830374	0.307313511767015	0.39432472695123794	0.3954232625791365	0.37371200402802535	0.35045406816051705	0.3623855817591839	0.37956994245833625	0.3680511184395081	0.0	0.37080669149611617	0.4180810804455906	0.44118167336362446	0.44222064613213097	0.42010576990918036	0.4103054422287381	0.41224354492465914	0.41766756572920577	0.4199936863190635	0.39113876918953727	0.39616690915583347	0.40681969447249	0.3923666658684033	0.36929374864488174	0.3254401464069596	0.18518890125679735	0.34435079663835866	0.33865332183216323	0.3103764971634396	0.24881512801317573	0.3686050327382089	0.39706750730871126	0.37782155139218804	0.385845376530722	0.42026429675124816	0.38422804889551065	0.39154958432527537	0.3266701215519766	0.38473251411186193	0.34760221932909874	0.3829194277075239	0.39284599865434666	0.3515126928561108	0.3526697599203805	0.3829194277075239	0.3526697599203805	0.36349981638974804	0.38149620734502726	0.36101062526075484	0.33553448260405544	0.3822087476213948	0.30235616466334714	0.3749937342845638	0.37413866225608844	0.3830659246150765	0.2497771315801316	0.20505317362211184	0.2443145365347272	0.24527250638173542	0.19838068716936536	0.17805203262450253	0.20302648803740536	0.2694739711770237
STAGATE_1	0.47038182795751876	0.43675915329459436	0.522304483631168	0.4488373803488946	0.5199754509906128	0.5648677401334179	0.5000372550693577	0.4953867467268482	0.4780539683786931	0.6047007657664966	0.5431797713815038	0.37080669149611617	0.0	0.4900776019868327	0.46012432148999	0.4569248440835245	0.4897960876455219	0.6238620268146995	0.5465862342893549	0.5492280966605909	0.5240151315789221	0.5231414138105699	0.4660825384474645	0.4336529361485393	0.5041788840819	0.48641564272919696	0.4191540694872866	0.2666676335584962	0.4931910426796373	0.4808480204873958	0.5965947752930526	0.41295784375102235	0.4819606227920986	0.49889572392201986	0.5181828256170066	0.5348497507656944	0.44944990992707	0.578538237362894	0.4469155923747951	0.3835419749166126	0.5770795748869924	0.49507409746517356	0.4444900603626093	0.40766260288808537	0.5045537002092124	0.4959209278176547	0.4444900603626093	0.4959209278176547	0.5125762835104526	0.573626789329413	0.5528532677454171	0.48990697934797617	0.5189831307659648	0.40130190705803104	0.44969875846431595	0.5672232739628302	0.5410290209361572	0.33110742685190886	0.28286462171794796	0.34696150949608606	0.3765506104036852	0.3002497618541941	0.21345435932224074	0.32164874541316596	0.3613062423546467
BayesSpace_default	0.5094724972697232	0.7272534268885095	0.6909309176685439	0.7564286282032809	0.7180460499783475	0.7050697520077622	0.6406744647776446	0.7647020557681192	0.7620834995901069	0.6132845721793865	0.6708378070546752	0.4180810804455906	0.4900776019868327	0.0	0.7737678247265084	0.7732701217954804	0.9942321904558552	0.6076728189674834	0.5700450645581281	0.6383766658143252	0.6185962535095612	0.787484650527098	0.5290921659889009	0.5052735830521572	0.7442723812747621	0.3391095849218523	0.3437848338379325	0.20399693455102916	0.3687915756585277	0.4108546058091212	0.35694724797097954	0.3281068264781893	0.41969757112736744	0.7007959836017268	0.690370719967296	0.6629670614522193	0.5845232106046847	0.6671091421081901	0.6774058402288214	0.5277404587096548	0.6634251142200535	0.43288125207517525	0.40313641693688307	0.37039491626523113	0.44050503524432666	0.4368941950218785	0.40313641693688307	0.4368941950218785	0.44910143998428315	0.4369146922670922	0.42801363087281796	0.48714923459122494	0.5783837132185226	0.4057419643620176	0.5497647974605038	0.41681125073650216	0.5395864843978703	0.2449135331692499	0.22884355088190655	0.237483171768025	0.29043396922810405	0.21079581593088534	0.22662960450937877	0.22636946179701267	0.27034313270325677
BayesSpace_melanoma	0.5019781448540587	0.6099896499384087	0.647854411965762	0.6260571448596851	0.6672313296006565	0.638801519303871	0.6262608278780398	0.6344962807845068	0.661642783198241	0.553001214785434	0.5995419556201468	0.44118167336362446	0.46012432148999	0.7737678247265084	0.0	0.9797394642628581	0.7751124962677388	0.5924313488172183	0.5587888035294236	0.6307990586802519	0.610972665215634	0.6690635393824645	0.5195078487486472	0.494871017874444	0.643382865671043	0.36280665741596974	0.36071425360701537	0.21544874765522776	0.3920977516915256	0.47121467946821877	0.3481144030944403	0.3125313250930932	0.4847327025551507	0.625606588032797	0.6532952863375814	0.5926512416481822	0.6272229657178895	0.6042538866763163	0.6897044189851456	0.5704074191144616	0.602904295251525	0.44306761084873897	0.4391364869207247	0.37571715100090786	0.4466338925913382	0.4442480360843838	0.4391364869207247	0.4442480360843838	0.4584538073344453	0.4685075710760049	0.44190188532707403	0.43767389929841904	0.5477526277892882	0.4086682869116469	0.5368758855727888	0.4454169923129899	0.4993841772824515	0.27888161770069786	0.24220702409230557	0.2556405019833401	0.3268693846055211	0.23179292844194369	0.22602817407148568	0.255036577734398	0.2943543110361441
BayesSpace_1	0.5040997487717239	0.611178677151747	0.6440692837443512	0.6269286301343014	0.6599070192609495	0.6373383103548174	0.6219916898240033	0.6277824318884183	0.6520115085408076	0.5540468099841235	0.6010109164239482	0.44222064613213097	0.4569248440835245	0.7732701217954804	0.9797394642628581	0.0	0.7756672311669578	0.5848894297656537	0.5489098718317568	0.6339805367569501	0.6117028483959307	0.6639610234902921	0.5119108644008473	0.4894675377980058	0.6394248643156625	0.36408429094562667	0.3618771272766748	0.21700785000589415	0.39402503091048896	0.47587009023882615	0.3466680515619496	0.31304018548054224	0.49008360161843156	0.6252334883709622	0.6399382396592392	0.5902202945857643	0.6253681449002313	0.6083238355461489	0.6944003630693711	0.5651263377542106	0.6069788051883188	0.4423107170456069	0.4343773493976609	0.37351982504066733	0.444961596964954	0.4433490832853034	0.4343773493976609	0.4433490832853034	0.4569595241782828	0.4654298839633368	0.4394939662912633	0.43561029144923136	0.546560102899431	0.406787988384682	0.5380397397533327	0.4430331192559923	0.49194967951666313	0.2784545508099107	0.24247433618225128	0.25397676457988994	0.3269103805962171	0.23077641818018232	0.22666943805692455	0.2539822905029575	0.2944620239193674
BayesSpace_scc	0.5093879713297964	0.7256059384716201	0.6910079357418036	0.7547191511967275	0.7190001093439032	0.7030852439419951	0.6401476441995811	0.7621207319120458	0.7594872477643297	0.6122401055750427	0.6693596060961956	0.42010576990918036	0.4897960876455219	0.9942321904558552	0.7751124962677388	0.7756672311669578	0.0	0.6059520773087772	0.5679230967696596	0.6379484790345167	0.6171073996171644	0.7846399978209395	0.5281844994959835	0.5042918603649783	0.741616331436837	0.33959062201146384	0.34483811819012683	0.20482731023543604	0.36925762272087137	0.4120047740296729	0.3561498607258496	0.3273215810785067	0.42041397342448633	0.6991352907018461	0.6916523580367948	0.6608325840844421	0.5866444985051416	0.6654767576258649	0.6805352396038851	0.5274091802366622	0.6617857681980897	0.4338113279155702	0.40334929885856224	0.370749290873176	0.4414275074925796	0.43777348947357236	0.40334929885856224	0.43777348947357236	0.4501054715136036	0.437087238108057	0.4287779457046808	0.4873464382000053	0.5794580939102775	0.4069969279516047	0.5500044399422283	0.41750117301879797	0.538448190971884	0.24571075144592647	0.2293622561793408	0.23751935663086793	0.29091106580459397	0.21123120937831336	0.22749493387385478	0.22708341799519993	0.27046688882699865
bass_starmap	0.49667683079044295	0.5611506513208212	0.631450080934205	0.5681613800066267	0.62609409682824	0.660992495744818	0.6281833313650871	0.61541029227197	0.6186603825999467	0.6116805480894211	0.6337664865073176	0.4103054422287381	0.6238620268146995	0.6076728189674834	0.5924313488172183	0.5848894297656537	0.6059520773087772	0.0	0.6808782237466102	0.6686293007717042	0.6512579378468931	0.6619725666668396	0.5453369396377866	0.5064199130182641	0.6333923009542569	0.42922254941862575	0.41212779517017084	0.24776374769680873	0.44712350907647996	0.48098534856199393	0.47107519430665806	0.40603397173899025	0.5050303788484749	0.650612880915904	0.6406293636403336	0.6805599388955466	0.5399706626098597	0.5955669085237865	0.5058686172072813	0.4260817644007312	0.5943994370982054	0.45062172660771244	0.48601869074984105	0.4393218072800427	0.45754175960050136	0.44901718369668403	0.48601869074984105	0.44901718369668403	0.48761979195340094	0.5692770299972834	0.5494790371356458	0.5192554115514426	0.5975205598244052	0.4862836205774818	0.5576068856273251	0.5552813020210545	0.6246642505749304	0.3238953686281756	0.2577834771471716	0.3201528408893217	0.3397936832120559	0.2716840208280543	0.21983657226684555	0.28903359331501793	0.3410579154583467
bass_default	0.4670823218448689	0.5143881990965764	0.5968562504508312	0.5140122845295294	0.5959705831288519	0.5470451630271409	0.5295644804344499	0.538730205816529	0.5967922209176645	0.5815259027264538	0.5141073731823675	0.41224354492465914	0.5465862342893549	0.5700450645581281	0.5587888035294236	0.5489098718317568	0.5679230967696596	0.6808782237466102	0.0	0.585808426340367	0.5734634152714426	0.6013377257660467	0.5456471909049262	0.5192547999644213	0.5774889716582806	0.4443719461665579	0.4265491507756353	0.29476157756518806	0.4624183644826937	0.4654729127355426	0.46482008381262596	0.41551038184747285	0.5009542484607443	0.526079318921298	0.5236397172991443	0.5235080400706507	0.5401970291525933	0.5585463929463934	0.5335410816026337	0.4575168500155016	0.5576504007651784	0.3999238532535441	0.4822016433049557	0.4465226976333744	0.40683419656764874	0.3985237512846278	0.4822016433049557	0.3985237512846278	0.42191808120911073	0.595439808518283	0.584110467908808	0.5661549732041735	0.6439237727379737	0.48203423740623824	0.5962464061382129	0.5810826635088893	0.6822591798279714	0.32583816401036203	0.215010209498528	0.29285695159828784	0.2708902262104368	0.25293236277573405	0.19437271978688261	0.24434310214739116	0.30883376984124244
bass_dlpfc	0.5381791932582822	0.5852377313159097	0.6359373158342919	0.5939860125663274	0.6272135927654455	0.7313170521868569	0.6797529221689177	0.6190094013354678	0.6264524775482021	0.6280536648136972	0.7328584107783465	0.41766756572920577	0.5492280966605909	0.6383766658143252	0.6307990586802519	0.6339805367569501	0.6379484790345167	0.6686293007717042	0.585808426340367	0.0	0.881019732587428	0.6436604020905886	0.5244795069459398	0.5008667490956715	0.6238182487132987	0.38347157201494847	0.3676873023301482	0.20745879333195796	0.3903620340149889	0.46588067457769344	0.43828382769720065	0.3749278491106084	0.4909805182657343	0.7151888247107695	0.562151506820955	0.7195423224640639	0.5351733254930373	0.7313110776373861	0.5576875583502993	0.4748551116467048	0.7261515040878012	0.4112342964141988	0.4222632456528382	0.4007285826370536	0.41550253321993663	0.4093358463190884	0.4222632456528382	0.4093358463190884	0.4388857414769755	0.4782195572249834	0.47450435308251243	0.47233191672602876	0.5291605153056693	0.3953185756782801	0.5028476366328567	0.47469434419705714	0.5116252748756115	0.2764208126287247	0.22169272937477771	0.26860636860139375	0.29452118924062354	0.2273932530732432	0.20103808315759178	0.24168605862456	0.2953049065149423
bass_1	0.5271450893240939	0.5657366738861342	0.6183360792978351	0.5702487365275691	0.6030921068887402	0.67847523021879	0.6576750179875276	0.5882484056722301	0.6166018524979316	0.6186019278729316	0.6888615656819603	0.4199936863190635	0.5240151315789221	0.6185962535095612	0.610972665215634	0.6117028483959307	0.6171073996171644	0.6512579378468931	0.5734634152714426	0.881019732587428	0.0	0.6211531297222063	0.510939154217582	0.48801456065040744	0.605124555137525	0.39583917225222975	0.37686707646075784	0.21805120664092364	0.4023471243070526	0.4619465767438347	0.43437555380647436	0.36874830492328026	0.49058749601707197	0.7060945204024288	0.5675912926161635	0.6955119853723642	0.5357546555078039	0.6577335852892914	0.5280454082957685	0.45778049031369616	0.6531901490772206	0.4140301586398833	0.4253667655293703	0.40775076856502146	0.41889362222476495	0.4123344908109185	0.4253667655293703	0.4123344908109185	0.4437103555354594	0.4755819234306347	0.4712618988287203	0.45866127555086317	0.5213284737116578	0.3955179761080947	0.4884660615517089	0.47254104971241206	0.5010953649804468	0.2862102429675669	0.228977290944923	0.27338765915626473	0.30117469918775214	0.23294919930291363	0.20446516510214263	0.2483452578212297	0.3034820220484269
spaGCN_default	0.4927395071970696	0.7001153920059014	0.6872109775376332	0.7388931016642448	0.7404416574583809	0.7090525599353236	0.6369372782830661	0.7700434187139354	0.7563749826710754	0.6117016617105526	0.6698397551133021	0.39113876918953727	0.5231414138105699	0.787484650527098	0.6690635393824645	0.6639610234902921	0.7846399978209395	0.6619725666668396	0.6013377257660467	0.6436604020905886	0.6211531297222063	0.0	0.5687082682047254	0.5378816318157584	0.9164211289999251	0.33764027559825444	0.33860133825775063	0.20518212093996932	0.36861629539447127	0.4188800698451952	0.36666717243501135	0.3339806027015859	0.4245480609664927	0.6822646762788789	0.67345594019722	0.6729399532116807	0.574349673058465	0.6528648806219435	0.5883728823798524	0.5076560378396245	0.6504305612342964	0.4539568268215033	0.40818016680511554	0.3734105441390799	0.4601768098610702	0.4557613955637385	0.40818016680511554	0.4557613955637385	0.47047824804620286	0.4735179476454641	0.4724412814659984	0.482868648071161	0.5767059770360151	0.44062442350615316	0.5489782806417735	0.44863227987629783	0.5597194619218074	0.25882101378496103	0.24023640464930646	0.2563461327899231	0.3130047520793497	0.22508902813000112	0.2346844881476682	0.24841585543518596	0.2841984846897445
spaGCN_2	0.449576571212131	0.4511331650777379	0.5304609151460979	0.44887474918557485	0.5248809315007381	0.5156787706955087	0.48460880311054544	0.48631606343634126	0.5197900302140652	0.4359800605755487	0.470585512306213	0.39616690915583347	0.4660825384474645	0.5290921659889009	0.5195078487486472	0.5119108644008473	0.5281844994959835	0.5453369396377866	0.5456471909049262	0.5244795069459398	0.510939154217582	0.5687082682047254	0.0	0.843503545161637	0.5538070448660118	0.34018193488505505	0.314893199334236	0.18507877851388232	0.33375922532332736	0.3420679093088715	0.3509105239468995	0.30498698340490327	0.3631302470840818	0.5018682676203203	0.46648989165539856	0.5073383013598501	0.46271666161255526	0.510863840136366	0.5451208826606497	0.535170281492652	0.5102576548475226	0.3542178360960784	0.39798837292818523	0.3424513854749334	0.3601401232513613	0.3543214199029609	0.39798837292818523	0.3543214199029609	0.37291805284553087	0.5098232800619937	0.4762223789493401	0.4441874882256452	0.43214354893164275	0.34932500987434045	0.4033611829642232	0.45056314456412117	0.46649303296619987	0.2545890800862222	0.2076819900418441	0.257079207705516	0.25650230474704655	0.21292434666157511	0.17321986670753658	0.22486010231746195	0.2780088110333195
spaGCN_3	0.41588495668751296	0.42723451657337363	0.5042456156763392	0.4211891728401559	0.489582998724385	0.485585109324949	0.4529909532885293	0.45755600033817	0.4877740088810333	0.4130807153549722	0.4466085597313768	0.40681969447249	0.4336529361485393	0.5052735830521572	0.494871017874444	0.4894675377980058	0.5042918603649783	0.5064199130182641	0.5192547999644213	0.5008667490956715	0.48801456065040744	0.5378816318157584	0.843503545161637	0.0	0.5337829393109996	0.3409348012386526	0.3026081712956064	0.17790447787556793	0.32435255219963954	0.3281222486470707	0.3316361019096903	0.29110711760032487	0.3488884997994932	0.4765922941940394	0.4420007963609407	0.4787419762149714	0.4426946221423676	0.48399486822843457	0.5023948945659104	0.47771280001348326	0.48440654915717246	0.3429089610779405	0.3960420103687305	0.33697105976166036	0.3472697103260804	0.34356366604823635	0.3960420103687305	0.34356366604823635	0.35985864750736	0.4762352317331549	0.441895663340781	0.41023035586285816	0.4114490485201044	0.3248310887632053	0.3864380077591832	0.4225149363667058	0.44241740251292305	0.25394326366256254	0.20596134801786745	0.25488664630160185	0.2517609774337976	0.20813933819017572	0.17354693173444916	0.22074262024624997	0.27424964693927734
spaGCN_1	0.47192530933195614	0.6632561485750363	0.6608078751774338	0.6866299201612033	0.69314758282978	0.6691541021403539	0.6057461045438148	0.7155003776862993	0.7034277358009345	0.578931491633628	0.6382586251814352	0.3923666658684033	0.5041788840819	0.7442723812747621	0.643382865671043	0.6394248643156625	0.741616331436837	0.6333923009542569	0.5774889716582806	0.6238182487132987	0.605124555137525	0.9164211289999251	0.5538070448660118	0.5337829393109996	0.0	0.3354984588471781	0.3340604335957537	0.20274935427680452	0.3639079999230965	0.4089879811570306	0.357373044310982	0.3248073670464784	0.4161265086298773	0.6482649175297943	0.6405701933457205	0.6482601123559992	0.5572476360709718	0.6324617976571062	0.5670522697714275	0.4899529928002063	0.6300374097743235	0.4509928002352706	0.4021817936815152	0.3651369842610186	0.4564602768185235	0.4557231733365916	0.4021817936815152	0.4557231733365916	0.46731749473659395	0.4626517554640121	0.4582885792117948	0.4641193511664416	0.5478912758935811	0.4165808765491411	0.5167908397376422	0.43596590605247687	0.5282845254831267	0.25427082511588517	0.2389241025355805	0.2549334204811973	0.30463411307907634	0.2236181472354773	0.233478471975718	0.2459259918517948	0.2811594117359817
stardust_default	0.3738116809604835	0.2700365365198411	0.353872183107174	0.2616253145083221	0.34625176877898045	0.3514085347373088	0.351921911223846	0.3013671710940612	0.3212916994913256	0.3717410441542582	0.33198008043611527	0.36929374864488174	0.48641564272919696	0.3391095849218523	0.36280665741596974	0.36408429094562667	0.33959062201146384	0.42922254941862575	0.4443719461665579	0.38347157201494847	0.39583917225222975	0.33764027559825444	0.34018193488505505	0.3409348012386526	0.3354984588471781	0.0	0.5255925763960894	0.41568258195899654	0.752145752092999	0.4861625359354226	0.4410168827199884	0.34953319834153446	0.522099412532141	0.3450482731339952	0.36384725580418886	0.3487276192394459	0.370020773754391	0.34324608288559305	0.33797908799076093	0.2596659430527411	0.3424893230543213	0.4554876896639891	0.46939054133753083	0.4387776150961602	0.4607180462557354	0.4556202956881738	0.46939054133753083	0.4556202956881738	0.4615419074543803	0.4821729410950158	0.4870687942341242	0.39075452880724765	0.4712853558783528	0.45632875416066193	0.463595356841749	0.5070247710321116	0.47042347327056455	0.388884021412952	0.2879049951744551	0.3444183443750715	0.3616452963432967	0.312806239872203	0.22968959014359067	0.3074873843962456	0.37384106298023906
stardust_tutorial	0.3673005286158378	0.278182641698496	0.3589592924546454	0.2743942094189847	0.3570222672090369	0.3461857662881201	0.3392113055235258	0.3183809985515351	0.3248121894424844	0.3893349920461438	0.318288063381892	0.3254401464069596	0.4191540694872866	0.3437848338379325	0.36071425360701537	0.3618771272766748	0.34483811819012683	0.41212779517017084	0.4265491507756353	0.3676873023301482	0.37686707646075784	0.33860133825775063	0.314893199334236	0.3026081712956064	0.3340604335957537	0.5255925763960894	0.0	0.6101992934884306	0.5869406570574406	0.4849982649886736	0.4115480529914325	0.3535887312745018	0.5061792505162828	0.33417295426308447	0.3613968499352545	0.34335604391751817	0.3559654320998995	0.32982713706901867	0.3384153771765149	0.2407842132559015	0.32836298332358854	0.3906890800815525	0.3770382323426359	0.36193674175852325	0.39790332119680505	0.39782470850120283	0.3770382323426359	0.39782470850120283	0.39326945613499253	0.45032085074889255	0.47291358640619274	0.40444063169800687	0.46515652126582807	0.4258381287825472	0.46788510927786175	0.4628409855937241	0.4690310289667875	0.3193810513394234	0.2230138711728216	0.27661986893136614	0.2936122558764407	0.2463750408473002	0.20155901499392503	0.24180986792316825	0.3004290442168033
stardust_2	0.19133889244000463	0.2091310512831207	0.22563624974501859	0.22312074083395284	0.23484259184646408	0.19038983840632448	0.18974668262154806	0.2020643878213906	0.1939354931373144	0.2443499337074702	0.1859262465822488	0.18518890125679735	0.2666676335584962	0.20399693455102916	0.21544874765522776	0.21700785000589415	0.20482731023543604	0.24776374769680873	0.29476157756518806	0.20745879333195796	0.21805120664092364	0.20518212093996932	0.18507877851388232	0.17790447787556793	0.20274935427680452	0.41568258195899654	0.6101992934884306	0.0	0.4851924885256242	0.34216949916343425	0.27157379095316886	0.3344358903010089	0.3671590545921156	0.19307549557801987	0.2317288159232584	0.19619959943876053	0.23559845655805906	0.18697655579904815	0.1935896190939035	0.1864019269210734	0.1857329109155425	0.2708454855094558	0.2534736649249365	0.24000309738979914	0.27286858250214685	0.27495834632353555	0.2534736649249365	0.27495834632353555	0.255298403864098	0.3153730901487503	0.3288166754946064	0.2703370770870389	0.35453095703810583	0.3499924158446067	0.36922610799386246	0.36382776820102486	0.34706222124539843	0.2436954588219811	0.18090854705630313	0.18109760531224464	0.22804976501426943	0.19083940502540833	0.19640672293720937	0.18924115094185467	0.19240975705683364
stardust_1	0.37266440225799835	0.31048919159351485	0.3773433264731722	0.2989253696759883	0.3716308225478653	0.37859530816988995	0.368164157026512	0.33722855467910345	0.35134494133283417	0.39360499671476146	0.36054391148061976	0.34435079663835866	0.4931910426796373	0.3687915756585277	0.3920977516915256	0.39402503091048896	0.36925762272087137	0.44712350907647996	0.4624183644826937	0.3903620340149889	0.4023471243070526	0.36861629539447127	0.33375922532332736	0.32435255219963954	0.3639079999230965	0.752145752092999	0.5869406570574406	0.4851924885256242	0.0	0.5307957400344208	0.4523352593877087	0.37348893916451426	0.5644918340110154	0.3669993567483945	0.3832986813704166	0.37346531385224396	0.38938365966986294	0.36080323195606423	0.3554253637066094	0.27145599515489754	0.3603285077334274	0.48066335021744516	0.4413315731959624	0.4135296209805522	0.48227960896429234	0.4847453222318371	0.4413315731959624	0.4847453222318371	0.47534422896976103	0.5037252557492701	0.5086688486535558	0.41187230735323704	0.5076498504681594	0.4903463894456866	0.5117223382417299	0.5374918701334758	0.5028633496369078	0.3872404959533261	0.2868338799656215	0.3162564799627441	0.3781452648065625	0.3077833082449759	0.2421546092028087	0.31000056927872793	0.35675333697921113
SpaceFlow_default	0.47005805410698337	0.36691503102072104	0.4235370911512517	0.35926402699598775	0.4175194648051008	0.4572675910606076	0.4605429102339096	0.40254014875555433	0.4074843245379029	0.46004557747441954	0.4564152113496907	0.33865332183216323	0.4808480204873958	0.4108546058091212	0.47121467946821877	0.47587009023882615	0.4120047740296729	0.48098534856199393	0.4654729127355426	0.46588067457769344	0.4619465767438347	0.4188800698451952	0.3420679093088715	0.3281222486470707	0.4089879811570306	0.4861625359354226	0.4849982649886736	0.34216949916343425	0.5307957400344208	0.0	0.4946256875820966	0.4250638938589917	0.8990238653115038	0.4107731797613428	0.4414756816044206	0.4275541307075191	0.4053955545525981	0.4242905088933366	0.41509310505124414	0.34296264194739284	0.4222072282411213	0.3799879988447721	0.3915452634559952	0.35618186866139634	0.3827127898780679	0.3802191181644313	0.3915452634559952	0.3802191181644313	0.41133192313926337	0.5565658015584867	0.5437329403977942	0.47534285529725095	0.5806390431266112	0.5152070211395811	0.5879116766829626	0.5600515296198144	0.5149383500920963	0.2988956778552865	0.2566155947851257	0.2887954426950549	0.30819310390386945	0.24719820224201092	0.2354180119640528	0.2553421918424091	0.3300351886740377
SpaceFlow_2	0.43443657759819004	0.30209824140431324	0.3834772741470249	0.3001312206781361	0.38012992523855804	0.41035093721581994	0.3927871161105598	0.34761324719774966	0.3496453986100191	0.4668275167016495	0.4000611080794492	0.3103764971634396	0.5965947752930526	0.35694724797097954	0.3481144030944403	0.3466680515619496	0.3561498607258496	0.47107519430665806	0.46482008381262596	0.43828382769720065	0.43437555380647436	0.36666717243501135	0.3509105239468995	0.3316361019096903	0.357373044310982	0.4410168827199884	0.4115480529914325	0.27157379095316886	0.4523352593877087	0.4946256875820966	0.0	0.6285857976720548	0.533595458691597	0.3628735515546851	0.37147952965523146	0.38631706135058436	0.350947054477854	0.4295435191894877	0.3513528170415428	0.27970381014908013	0.42776457673828705	0.3883526439673362	0.3889356556907219	0.36829077076342365	0.3930533365424525	0.3913193224838223	0.3889356556907219	0.3913193224838223	0.407215098231834	0.4949276881030359	0.45181497339343285	0.3966003480934694	0.4915814196121202	0.42959363497603215	0.4797211448074291	0.5528265706730779	0.5201592224657335	0.334750525698482	0.2610558079001721	0.3345613895529131	0.30678466947269467	0.28429573357157456	0.24881162220899133	0.26492147244641867	0.3427659064068667
