	label	spaGCN_9	spaGCN_6	spaGCN_10	spaGCN_1	spaGCN_4	spaGCN_7	spaGCN_14	spaGCN_13	stardust_2	stardust_3	stardust_1	stardust_4	scanpy_2	scanpy_3	scanpy_1	bass_5	bass_2	bass_3	bass_1	bass_4	BayesSpace_1	CellCharter_2	CellCharter_3	CellCharter_1	GraphST_5	GraphST_8	GraphST_9	GraphST_2	GraphST_3	GraphST_6	GraphST_1	GraphST_4	GraphST_7	SEDR_5	SEDR_2	SEDR_3	SEDR_6	SEDR_1	SEDR_4	SpaceFlow_2	SpaceFlow_3	SpaceFlow_1	SpaceFlow_4	DRSC_2	DRSC_3	DRSC_1	DRSC_4	seurat_2	seurat_3	seurat_1	seurat_4	BANKSY_2	BANKSY_4	STAGATE_12	STAGATE_11	STAGATE_2	STAGATE_3	STAGATE_10	STAGATE_1	STAGATE_4	STAGATE_13
label	0.0	0.4452101729999842	0.4731822926656089	0.4428433085475043	0.49608013425421044	0.4849010178266885	0.4856721811668964	0.4342625837701336	0.43997501548354145	0.1444987391022498	0.1876803205678966	0.2054467106154721	0.1348112607809141	0.4698192188251794	0.4503167180769516	0.5415862404202334	0.4363264993726597	0.4433421210577768	0.4207847223485494	0.41582741677416235	0.4486294384278481	0.20142374702569513	0.2976575861285878	0.3069002880168016	0.3190394799179535	0.3431416382855895	0.3754948913635974	0.3704991532473511	0.48132204950566726	0.4492281614537833	0.30977982875636667	0.5262615854115391	0.34628526991548236	0.3367998503976974	0.3984042118530167	0.40336787090512144	0.42319484578621896	0.37246341884800915	0.3425507450352736	0.3382589531646985	0.3482539891961278	0.3398139481861519	0.3259108480550012	0.28160456470470857	0.4698939996108336	0.4582772938102252	0.46113792558897676	0.4706182446348835	0.3954002294956053	0.4064063193504746	0.4104794953012845	0.39474378383133113	0.4982215171102863	0.49117381310268743	0.3893598790005643	0.3108431652931593	0.3931643651638664	0.5306099189047705	0.37192964941603296	0.46872748233585937	0.4051210597323127	0.3547646997142698
spaGCN_9	0.4452101729999842	0.0	0.49444209789687527	0.628784509931894	0.5171159504656325	0.5101023885893701	0.5063095696481885	0.6073201541147693	0.9059980274280386	0.1462300541635622	0.19112729304999868	0.20801070446757722	0.14301267531593412	0.3625480316603837	0.3510897650683556	0.4388948935178844	0.43642479494429054	0.45564810766055025	0.49421584473121727	0.48287633933006197	0.45439488740046957	0.22856229178575985	0.38960111130543246	0.41838200613969717	0.33695502889661616	0.3768227413060238	0.40488770498189885	0.4185178750222377	0.5298485252304693	0.4449408957604667	0.3273110933989047	0.45505806438603913	0.3867995793641605	0.36484730196553355	0.39362663457786606	0.4026360089834585	0.4147737390722527	0.4447311637493368	0.35068338497191226	0.3809383816915683	0.3548861440492759	0.3724141701247051	0.36255816645160605	0.3144022599403982	0.5696717599415485	0.4733329495491858	0.4928625176881659	0.48908655916504606	0.38834086975432197	0.41094506450085144	0.38892493290667507	0.3923725366917126	0.4543292945737059	0.4617687873069143	0.4146882205490984	0.3187409596201657	0.4038813574150546	0.4527890453577817	0.39059954559265203	0.47930257624402506	0.40402945195973045	0.3794502466855553
spaGCN_6	0.4731822926656089	0.49444209789687527	0.0	0.5032065017154059	0.6843521953686501	0.9307279025311728	0.7365509613341188	0.5374228487941392	0.540441460786822	0.17672213879675439	0.21595892150393872	0.2352388957681265	0.17184074750857126	0.3909295677572365	0.37765674985679526	0.43234683684770303	0.5872163444548165	0.5687269068525047	0.5895056572406114	0.5921763824733203	0.5874197409847232	0.18982103382272955	0.39053055178115414	0.40595588687566614	0.3770274409116299	0.39929849899596404	0.43086760182478906	0.4449373522845793	0.5044938130668404	0.5408227135918887	0.4014803286341685	0.47627124581889263	0.41202801111227283	0.44703197150263113	0.4439966543168757	0.5204875316451004	0.5514258908407477	0.4014186412592931	0.44279950623712294	0.3951552727304713	0.4869001768431694	0.5192546683622219	0.48357235820119016	0.3760773704883726	0.533800053574686	0.6403995988822588	0.6324040128418845	0.6200422518660549	0.4148061436145883	0.4258542903718213	0.4089641548024873	0.41544365654981535	0.558576183193264	0.5656941955370379	0.5201420956635142	0.40454561027561087	0.5070459185886571	0.44397913059799843	0.4856473590219745	0.5222122309902875	0.5447488101944107	0.4589730692919534
spaGCN_10	0.4428433085475043	0.628784509931894	0.5032065017154059	0.0	0.5038639773006277	0.5136136414214072	0.5040578935649805	0.928067201208691	0.634720505576655	0.15592428157279872	0.18491828821955694	0.1928773972104744	0.15311074312826461	0.35601780171155456	0.35986955442152774	0.43468833851522637	0.46084403578913186	0.46772323494763096	0.5039930296290888	0.4947841429164057	0.4801772509262224	0.2410781480284171	0.4087173750812671	0.45316743169164475	0.36554178126159687	0.42206033458624	0.4319244824585186	0.4573464271851997	0.5187406062785744	0.43011511671405117	0.357582935731343	0.46145214139908874	0.41352849379146805	0.37398745233362685	0.41622617186894023	0.444364554346597	0.45505730260500693	0.5107987462273376	0.4275196538290058	0.46616456014127494	0.3660595961949515	0.38466764289215166	0.3626970386499794	0.35060084429077343	0.4989134237031171	0.4741131802144219	0.5008839004500697	0.49839466179683733	0.3706399859299611	0.41726982985913225	0.36965026124145905	0.37819674320276625	0.44800612813892005	0.44762641628310507	0.44810600438538384	0.3756791784102815	0.3894716112617061	0.43248551747167907	0.43224513043936347	0.441398584645919	0.421869856114558	0.38498231601015354
spaGCN_1	0.49608013425421044	0.5171159504656325	0.6843521953686501	0.5038639773006277	0.0	0.7119145945761963	0.9088862114817957	0.49988686534684124	0.5189905806288769	0.1619459361172258	0.21613887464069176	0.24020198356742137	0.15617308983111702	0.4292963178873234	0.42799916823558454	0.4829400842360397	0.5126431994469748	0.5334284016446961	0.5606947209754545	0.559600543451056	0.5219754537606999	0.18765815342363243	0.376321256619776	0.3869714738024072	0.3731699132261746	0.3594827016751933	0.39669184831784554	0.40948117133275225	0.5017010530148885	0.513820567579326	0.3562343574445959	0.4640851209771834	0.37279939306237947	0.3976697822888232	0.41881924132481485	0.48418510901064277	0.4979261525974014	0.3798343394767115	0.3847453195370907	0.3522792011233812	0.4183907067707425	0.4282631067200647	0.4064163824061903	0.33328686660491613	0.4957186281374424	0.6224701995873017	0.5790223107231163	0.6047514603565319	0.4782990147185554	0.4875511267650128	0.4791674708934686	0.4800885597455801	0.5849531890290285	0.5865864099698093	0.470481475833434	0.36114923462380993	0.44238578551021795	0.475761450856972	0.40910015770358227	0.5411853151461465	0.5107203938127043	0.3968449750519596
spaGCN_4	0.4849010178266885	0.5101023885893701	0.9307279025311728	0.5136136414214072	0.7119145945761963	0.0	0.7123367438876336	0.5291037378652973	0.5334676343095234	0.1724226724212827	0.21594734883319716	0.23639338619767178	0.16709062936379626	0.40594360522458395	0.3967294210825243	0.44861599056812895	0.5577337245539361	0.5440783541185995	0.5669551175448171	0.5650453145961613	0.5564777322878519	0.18591537188234303	0.38199215921872764	0.3981795410348	0.37520712667925377	0.3718614358114224	0.40095821128057824	0.41569336959250386	0.5057917222443973	0.5331438218138199	0.3702928468210827	0.4823290503940938	0.3813347434133418	0.41610488807520213	0.421547015057126	0.5000079058441266	0.5287097798509127	0.38993439868557744	0.4275630958654112	0.3837806806041435	0.46228294340736736	0.48797554221212375	0.4528960922215199	0.3595047641180751	0.5241714268075016	0.6224099339262806	0.6210599652429533	0.6068915668804578	0.42341017649480367	0.43327777430186376	0.4179188606835891	0.4240639627359025	0.5531859869567938	0.5664449853575281	0.4976902119779685	0.38628949651101957	0.4835025805657827	0.45359107347657723	0.45795185571810637	0.5327231028303384	0.5243108991653004	0.4291275069475331
spaGCN_7	0.4856721811668964	0.5063095696481885	0.7365509613341188	0.5040578935649805	0.9088862114817957	0.7123367438876336	0.0	0.523779118647962	0.5373424727692464	0.17000414711569667	0.21781549408392128	0.24041643643952235	0.16463177796165904	0.4143889150593776	0.40503292607182206	0.4653010606890116	0.5457726809247712	0.5642658609818308	0.5880124615038116	0.5924137569196964	0.5550893089468111	0.1909918432234428	0.38318279037255787	0.39713469705107257	0.3730822411409831	0.38859207081528024	0.42822822502828056	0.43811158853071924	0.50145795400016	0.5303182046242484	0.38630195829701974	0.46133127212880337	0.40282397189802527	0.4305602958174161	0.4393316932071681	0.5040852115491214	0.5211612062667312	0.3906069973785188	0.401845295698065	0.36788810719329634	0.4510065102481726	0.46507357541212574	0.4403834966325262	0.35508863537440255	0.5122669182377804	0.6441968307853883	0.599460497177114	0.6160931716130449	0.45401560202935587	0.46407826435550203	0.4589707301529472	0.45532029516055983	0.5919865242079991	0.5818545876803248	0.49425316068427344	0.38262075153457875	0.4691384443210335	0.4634153379367197	0.44057661610516324	0.5171382425794285	0.5357959543532698	0.4239024508110139
spaGCN_14	0.4342625837701336	0.6073201541147693	0.5374228487941392	0.928067201208691	0.49988686534684124	0.5291037378652973	0.523779118647962	0.0	0.6572703715136096	0.1626900017120664	0.18584368654940286	0.19431711477683902	0.15999684876725	0.35441092660762735	0.35421557637057083	0.42898604954704855	0.4886852808509915	0.49214286572517807	0.5340665403485261	0.5251152013496181	0.5120181293650173	0.24087611441790258	0.41656220615594913	0.46357531554511033	0.3661006871732913	0.44732373331377967	0.45629907435498357	0.4793183935523005	0.5192117522456747	0.44441413771734534	0.3820375240228295	0.459546645618409	0.44150735788121714	0.3948266480293785	0.4336801319319192	0.4649088889172268	0.4775161467609464	0.517280327704292	0.446051421401267	0.4772506070594928	0.39789071330216447	0.4214100432235369	0.3953727842280307	0.3724628988862642	0.5122021632714463	0.4846001756805515	0.5142678602739025	0.4991815990359559	0.351017430365865	0.3983386146758021	0.34936448495190403	0.3584019776430196	0.45789451295614936	0.4553700981351192	0.46434664990082697	0.40284052153458083	0.41275527448823734	0.42212327155238244	0.46972715421363204	0.42916334940864315	0.43312406331578207	0.41230685051798277
spaGCN_13	0.43997501548354145	0.9059980274280386	0.540441460786822	0.634720505576655	0.5189905806288769	0.5334676343095234	0.5373424727692464	0.6572703715136096	0.0	0.15292671465905655	0.18987569209681876	0.20734078846337906	0.1487448232989229	0.3550140543265173	0.34758281093167315	0.43000940449762876	0.4723644371811028	0.4900874544701582	0.5373892072213683	0.5280934313668376	0.493897116318833	0.23362320201231812	0.40520826481788796	0.43479553887811023	0.34266589353722315	0.40937462808682334	0.43789820491045134	0.45152489111187877	0.5454608792348323	0.4643540335657477	0.35568114233618536	0.46278305444512186	0.4222338788909401	0.39698886096117403	0.4151350038401479	0.4257122297883257	0.43906644348103563	0.45707904267814126	0.3830152954766712	0.4082675577944512	0.3900472090999287	0.41668707776114927	0.3991362898628028	0.33763697967005735	0.5963418173786313	0.49175637424974367	0.5185984486392995	0.5011535604353022	0.37384985716471153	0.39745130990506183	0.3707709538454034	0.3770771897826522	0.4640285414577443	0.46825313230232163	0.44045431268168095	0.3520329916272641	0.43778977230334654	0.44650086005834605	0.437404580791221	0.46213640706118425	0.4245831933502622	0.4126982320230099
stardust_2	0.1444987391022498	0.1462300541635622	0.17672213879675439	0.15592428157279872	0.1619459361172258	0.1724226724212827	0.17000414711569667	0.1626900017120664	0.15292671465905655	0.0	0.6641627653019102	0.5453228835154657	0.9150828352434964	0.14188164985750693	0.13991404341092484	0.14888564585166494	0.16911405033584412	0.1498489575006109	0.1437445233855564	0.14609628271649341	0.16853985160481513	0.13014283641189509	0.15506130933934853	0.17656362884162372	0.1493810870187112	0.19882382800158832	0.19388841420359176	0.19130466752898675	0.1431629238664198	0.14010950795771476	0.22103239104374034	0.15141684386219245	0.2050918165760259	0.17357532837671658	0.19716086281898126	0.1891394906206578	0.20892284506356673	0.18225954790133225	0.13592591485520716	0.14333808559165828	0.1489524700352635	0.17013819276648037	0.14547264474444313	0.2066915249316754	0.15482684039059408	0.1685910831546557	0.16043959344397588	0.16076177359121263	0.15370703529977167	0.1581046263456008	0.16028276675218375	0.15362465097326455	0.20267469474033908	0.19400818830977934	0.20260434597984076	0.18438041458128088	0.19235008809182194	0.15287627799922537	0.20288723150371585	0.13902635145770498	0.16280450213640713	0.18581168502051948
stardust_3	0.1876803205678966	0.19112729304999868	0.21595892150393872	0.18491828821955694	0.21613887464069176	0.21594734883319716	0.21781549408392128	0.18584368654940286	0.18987569209681876	0.6641627653019102	0.0	0.8310626685742517	0.6580229941496635	0.20215771723556403	0.19548577260660185	0.20656471613640237	0.18632056179479073	0.18516646654407035	0.17002241023012404	0.16361009369732507	0.18795926074699854	0.13157564714547174	0.19882327504839764	0.20884256690128708	0.1927534738603261	0.191414336195616	0.19879191733285065	0.20309636752199603	0.18412655403951209	0.1617726852446963	0.19602699293997708	0.1850978502372294	0.20460440912370198	0.16701361553034014	0.23097875883836555	0.22662856998071973	0.24629041083331302	0.21742932448451788	0.16917432146619069	0.1679845197628995	0.16315201631842294	0.1859517575338923	0.16364078356810166	0.22103007383839243	0.19560480053899676	0.20306721385022622	0.20534428135350855	0.2121440478102217	0.2392349208940541	0.24285488079074075	0.24860771847864016	0.23856057102500394	0.2474079655661044	0.24297634607450241	0.22805699192180584	0.2007219676758657	0.21562217258576521	0.21063550174924192	0.22424045093544537	0.18692860866575892	0.1775778500771004	0.19319724849918143
stardust_1	0.2054467106154721	0.20801070446757722	0.2352388957681265	0.1928773972104744	0.24020198356742137	0.23639338619767178	0.24041643643952235	0.19431711477683902	0.20734078846337906	0.5453228835154657	0.8310626685742517	0.0	0.5371359923249418	0.22221948090134994	0.2122936152342684	0.23298750031507293	0.19998289667722094	0.20383283727228393	0.18898204958361026	0.18232434511893972	0.20685691188184252	0.12779289435006053	0.2011796138343758	0.20050980960355827	0.19477892749591194	0.20028900354085033	0.21545337152462674	0.21734337978199558	0.20772984043304124	0.18200943025920746	0.20583543028836546	0.2038229308634955	0.2149635092594772	0.17930137316182845	0.2404357395655787	0.23547044015954163	0.2586511678093539	0.23058339268043948	0.1733092942535802	0.17658483171205214	0.17374197654587234	0.19845228868486872	0.17404951732755353	0.23163162862077885	0.21809906203039567	0.22469627627574626	0.22570358992900763	0.23401561997042636	0.27149448772314283	0.26966916075228586	0.2804724539576339	0.27212411203905723	0.2641682165032713	0.26151493710854923	0.24211725572109102	0.20567355737948534	0.23685504346914452	0.23514685163589122	0.2343812809470713	0.2101014865173748	0.1934113079834644	0.2032161468797989
stardust_4	0.1348112607809141	0.14301267531593412	0.17184074750857126	0.15311074312826461	0.15617308983111702	0.16709062936379626	0.16463177796165904	0.15999684876725	0.1487448232989229	0.9150828352434964	0.6580229941496635	0.5371359923249418	0.0	0.13522763156616457	0.13327940218980014	0.14231865517074968	0.16400956477242862	0.14117019720225615	0.14249575444846205	0.14383750502849896	0.16447423152384524	0.1315873439523206	0.15605352121050267	0.1799391231867646	0.1511481811731664	0.1962151935831646	0.18479721120017803	0.19104414399246797	0.1420216312314296	0.13521024027336395	0.21334394092933712	0.14117920392453642	0.19644278443692897	0.16994096517119384	0.1887585756989879	0.182291814545568	0.20129537806562162	0.17484927679800036	0.1272552083003052	0.13836136314426806	0.14017810502184588	0.16153913944945156	0.1365692331777973	0.194675302812477	0.15370148907639078	0.16252951261823395	0.156018303823677	0.157756736544457	0.1508547371196685	0.1532420276261628	0.15758425821160976	0.1514897365456179	0.19352887020170711	0.1857150351726898	0.1934673061156143	0.1740703384809134	0.17999440833462005	0.14852697426725867	0.1946428417331519	0.13500984716401093	0.15183122917891284	0.1806047454577485
scanpy_2	0.4698192188251794	0.3625480316603837	0.3909295677572365	0.35601780171155456	0.4292963178873234	0.40594360522458395	0.4143889150593776	0.35441092660762735	0.3550140543265173	0.14188164985750693	0.20215771723556403	0.22221948090134994	0.13522763156616457	0.0	0.605939873237673	0.7335157701894234	0.36922995531154185	0.36614257658370036	0.3466066043116189	0.3450288838400455	0.383250157885052	0.14681659942092787	0.28271723464606535	0.2634744827750086	0.29108726965517717	0.24925631624702863	0.30971369401948745	0.2921231394668866	0.38840047709522607	0.36604937815595356	0.24803928577958678	0.44398836801258856	0.2818227336050123	0.2586477826132502	0.39821312981241147	0.400930394283671	0.41746018800777696	0.33353647904094924	0.2871132432787354	0.29975034934698336	0.3520953873854464	0.34644969732903946	0.34321194892318324	0.2850215878869176	0.3556461257313895	0.3608452258360682	0.3717600539269318	0.36770207926731335	0.3508449782883604	0.33539971503183164	0.3656464270587327	0.35360076735807683	0.46120261549691854	0.4668113298045716	0.3774532983833202	0.26184170828784226	0.3825331234652545	0.45243536276654633	0.3582359178261014	0.3772280227651959	0.3916581598856984	0.3296317613482873
scanpy_3	0.4503167180769516	0.3510897650683556	0.37765674985679526	0.35986955442152774	0.42799916823558454	0.3967294210825243	0.40503292607182206	0.35421557637057083	0.34758281093167315	0.13991404341092484	0.19548577260660185	0.2122936152342684	0.13327940218980014	0.605939873237673	0.0	0.6242993560960977	0.3483644621575773	0.35672384640885635	0.34754902040540314	0.3421009583600892	0.36340211582626936	0.14057129735722157	0.26448653298141733	0.25125330588093114	0.2995245372169358	0.23962362119413	0.29849665703720624	0.29128106237270807	0.38934993054898986	0.35101168279130285	0.23740167202284054	0.4324161630709208	0.2652204724318626	0.25250745726352497	0.3883856496272634	0.37708500669328787	0.3776926253726097	0.3382688297266848	0.2920855496026751	0.30193751126580815	0.32472130291197854	0.3438152994046824	0.31982107520578645	0.26728019385362045	0.33894674235165545	0.35971710885520997	0.3573466485579841	0.3662133814809864	0.3611372748513118	0.3529110946295106	0.35364125998470847	0.36330237392239767	0.4430902044777426	0.45890809140008126	0.35997675761386916	0.2679088815036127	0.3653321784417887	0.4361444544661561	0.341606013648429	0.35038130625045105	0.35215214377757414	0.3243009518852728
scanpy_1	0.5415862404202334	0.4388948935178844	0.43234683684770303	0.43468833851522637	0.4829400842360397	0.44861599056812895	0.4653010606890116	0.42898604954704855	0.43000940449762876	0.14888564585166494	0.20656471613640237	0.23298750031507293	0.14231865517074968	0.7335157701894234	0.6242993560960977	0.0	0.4150496593625056	0.4075182673756799	0.39592203506756574	0.3927997729006086	0.4313670867240341	0.1563616347676589	0.3296840679810608	0.3261719452158634	0.3350562918133781	0.313331178518109	0.37705482573495896	0.36601444613295053	0.4667070168061893	0.405836262302947	0.3001594025859913	0.5077797000218061	0.3397709662307135	0.30673485956882146	0.44131709205395336	0.4372934801173723	0.4495853521411601	0.38143252505130265	0.3254698049309841	0.3531773551028358	0.38958745697057406	0.3778069923825983	0.3638265043833413	0.3211662045483689	0.4185048768010817	0.4059234044154331	0.4230687073281844	0.42203717401528956	0.3909654788280273	0.3948163133279747	0.4007542610090606	0.3935667744622779	0.5111055669488569	0.5152589128834102	0.4193911951885269	0.29741354390315344	0.42274330807385635	0.5269202278241586	0.399505220591896	0.4266214758482299	0.4261147358353049	0.36899470688965924
bass_5	0.4363264993726597	0.43642479494429054	0.5872163444548165	0.46084403578913186	0.5126431994469748	0.5577337245539361	0.5457726809247712	0.4886852808509915	0.4723644371811028	0.16911405033584412	0.18632056179479073	0.19998289667722094	0.16400956477242862	0.36922995531154185	0.3483644621575773	0.4150496593625056	0.0	0.637914112254059	0.7687462334473966	0.8007819848922106	0.8269846813317707	0.17972197926480868	0.3635742183939266	0.38118572343473084	0.37476820589271465	0.451259328622528	0.5451192379076948	0.48912964274437076	0.4784115214965581	0.5101983658770528	0.4771318244480738	0.48185856235112823	0.5091657523014703	0.5049477413482205	0.5177553778392072	0.580149657795443	0.6128746010289826	0.4307185414836139	0.46005633693677056	0.40081524109800004	0.5391350842347877	0.5284213070069184	0.5037020049323839	0.41289813991557156	0.4824306157943322	0.5700366063728353	0.5729394607792923	0.5529084490909242	0.3684803740692655	0.3928446711407266	0.3574980858478446	0.3702107086282581	0.6203770091787659	0.6188991057894863	0.5753444622757884	0.4808613837940363	0.5655261591901741	0.44467187294645827	0.5820005571052239	0.4690498049372152	0.5562748592202037	0.5460750747393526
bass_2	0.4433421210577768	0.45564810766055025	0.5687269068525047	0.46772323494763096	0.5334284016446961	0.5440783541185995	0.5642658609818308	0.49214286572517807	0.4900874544701582	0.1498489575006109	0.18516646654407035	0.20383283727228393	0.14117019720225615	0.36614257658370036	0.35672384640885635	0.4075182673756799	0.637914112254059	0.0	0.7113432863197529	0.74572433550473	0.6415696206419375	0.14813970541067326	0.37785643861366897	0.3657440119884716	0.3581335645565154	0.3608480311850387	0.46698408943548475	0.4121551275057059	0.4835873187712795	0.5521248773004169	0.37018222887723407	0.5242552971900291	0.41308170882450984	0.4387540823019085	0.46935352496108884	0.49668784696375223	0.526787421259286	0.4413191939532908	0.4848075886120832	0.4401126640530951	0.5073789322668464	0.5152842239130189	0.4924964870283995	0.4479055306304763	0.5813691465417762	0.6096460524178803	0.6412854500226565	0.5890109831851331	0.3875473657303163	0.374212536332211	0.38188924018714854	0.3959035300657011	0.5213215307650512	0.5120617367801691	0.5156662912850315	0.45567923438107477	0.5327326728736366	0.42863490880376326	0.5085441895646273	0.5183848066254608	0.4917227392642543	0.4946851586155125
bass_3	0.4207847223485494	0.49421584473121727	0.5895056572406114	0.5039930296290888	0.5606947209754545	0.5669551175448171	0.5880124615038116	0.5340665403485261	0.5373892072213683	0.1437445233855564	0.17002241023012404	0.18898204958361026	0.14249575444846205	0.3466066043116189	0.34754902040540314	0.39592203506756574	0.7687462334473966	0.7113432863197529	0.0	0.9176454041192006	0.7681386191342023	0.18578721322691782	0.3782880116187999	0.3953680088584729	0.37464333706205494	0.3976397440850367	0.4667666090043788	0.4434686082582259	0.5043423131866454	0.5311279845072457	0.4139672197905661	0.45622409529443325	0.43022431263795413	0.4663688676881253	0.4436645988508383	0.48555724164095687	0.5155681343308298	0.40159449544554693	0.44589729913853215	0.39866436570715613	0.45488935113971674	0.49849404794261865	0.44043369531230186	0.36424701934598414	0.5287943327338988	0.6156655906507777	0.6189077991506433	0.588767786807012	0.3868939906746075	0.4086796456514665	0.37550820235592036	0.38949397290580023	0.5443709413169616	0.5466317856298436	0.49772201513175773	0.44234738334727147	0.4982987421791411	0.4124894950188588	0.5046921539018835	0.5070459947614088	0.5031900763032713	0.4741101425417448
bass_1	0.41582741677416235	0.48287633933006197	0.5921763824733203	0.4947841429164057	0.559600543451056	0.5650453145961613	0.5924137569196964	0.5251152013496181	0.5280934313668376	0.14609628271649341	0.16361009369732507	0.18232434511893972	0.14383750502849896	0.3450288838400455	0.3421009583600892	0.3927997729006086	0.8007819848922106	0.74572433550473	0.9176454041192006	0.0	0.787978555456488	0.18631823434795444	0.3702542161512662	0.3868848104939043	0.36387699836443016	0.4062727267697329	0.4817440142131798	0.45040576094466406	0.5027490704506862	0.539819131352611	0.4302925856568874	0.46830909232254037	0.44516836547442334	0.4834461932192338	0.44819460298033076	0.49022072346028456	0.522404461667415	0.4036381449497439	0.44848234309428303	0.397291327984488	0.4806794160956084	0.5074063390764467	0.4654060860595558	0.38015614210794757	0.5194043582967524	0.6162862316375625	0.6064015761048847	0.5816273278548729	0.3755041868683335	0.39629727924021463	0.36365315921215347	0.3783144599412155	0.5439959275168333	0.5440693781835992	0.5055917773663519	0.45815181380155723	0.5128961840734964	0.40747253986566156	0.5198420362538925	0.49780812421713594	0.523093390482955	0.4865751921417192
bass_4	0.4486294384278481	0.45439488740046957	0.5874197409847232	0.4801772509262224	0.5219754537606999	0.5564777322878519	0.5550893089468111	0.5120181293650173	0.493897116318833	0.16853985160481513	0.18795926074699854	0.20685691188184252	0.16447423152384524	0.383250157885052	0.36340211582626936	0.4313670867240341	0.8269846813317707	0.6415696206419375	0.7681386191342023	0.787978555456488	0.0	0.1821178838392742	0.3670436055054642	0.38269806698978504	0.35819354112213553	0.44719193745274105	0.548855426222386	0.49636899679297036	0.4976216617931019	0.506307952446329	0.48877790810612987	0.5137944134015274	0.5080435942887939	0.5143199832303129	0.5329982211574196	0.5671757395300252	0.5990084645793579	0.44025247129390854	0.4476833689751192	0.39551616338674067	0.5496033063308996	0.5463950302306423	0.5141598248297509	0.418591011178621	0.5252933391732773	0.5766185323541126	0.5918390768778936	0.5647836996443785	0.36612974983439717	0.39275753549885656	0.3575103404341349	0.3684234971363708	0.6295511255268158	0.6246964773258795	0.5954536087734724	0.4869885170369063	0.5891836997760166	0.47170671919729573	0.6067111416059704	0.47715148101811516	0.5752638261371481	0.5613103268985398
BayesSpace_1	0.20142374702569513	0.22856229178575985	0.18982103382272955	0.2410781480284171	0.18765815342363243	0.18591537188234303	0.1909918432234428	0.24087611441790258	0.23362320201231812	0.13014283641189509	0.13157564714547174	0.12779289435006053	0.1315873439523206	0.14681659942092787	0.14057129735722157	0.1563616347676589	0.17972197926480868	0.14813970541067326	0.18578721322691782	0.18631823434795444	0.1821178838392742	0.0	0.16897850193837313	0.19647789051544623	0.16306018526749136	0.341099474279842	0.2315122406422988	0.28704734344729993	0.22402419614202357	0.1978226126209942	0.25435548257095103	0.12195280191163742	0.2682591636284925	0.23295042096783977	0.14052975573448623	0.15870317255850838	0.15705795814650222	0.2218959467525239	0.16269641140228605	0.1890006703309648	0.11691119889763911	0.13792232270903457	0.11765603227237632	0.12167548875017106	0.20627998081539936	0.19682346093284442	0.19246161739734283	0.2008621351373704	0.1535127187993217	0.19792830695705366	0.1619598209274208	0.1557137561612976	0.14770793608617772	0.14480073647969036	0.1579032746176735	0.15450726220891886	0.12776181077840895	0.15794769982721155	0.1489640917934893	0.19047525137427135	0.176414924744393	0.1678277044794646
CellCharter_2	0.2976575861285878	0.38960111130543246	0.39053055178115414	0.4087173750812671	0.376321256619776	0.38199215921872764	0.38318279037255787	0.41656220615594913	0.40520826481788796	0.15506130933934853	0.19882327504839764	0.2011796138343758	0.15605352121050267	0.28271723464606535	0.26448653298141733	0.3296840679810608	0.3635742183939266	0.37785643861366897	0.3782880116187999	0.3702542161512662	0.3670436055054642	0.16897850193837313	0.0	0.6518132786437314	0.5100638349894291	0.3145923546942615	0.331298847331933	0.3450126089662724	0.4181427172666982	0.34509898656303256	0.29701628141938635	0.33615689129683834	0.3268957821887176	0.30748210288569866	0.38788820671513974	0.3942990129073311	0.3716979469760966	0.3749636394913858	0.36231325144634047	0.3788578858835109	0.3906075396758875	0.3836638847279053	0.4009811450081329	0.3291679003215893	0.37655475406211736	0.40109497741370254	0.4001909905014634	0.4175191739138141	0.34971626070223605	0.35354074638402716	0.3391383271212756	0.3559502205345409	0.3680886713169258	0.37885052169712896	0.3643545941860455	0.32830909448761497	0.3539686044749439	0.3295564767591018	0.36586143096466345	0.3612171049911736	0.36912145620301656	0.34934661101609404
CellCharter_3	0.3069002880168016	0.41838200613969717	0.40595588687566614	0.45316743169164475	0.3869714738024072	0.3981795410348	0.39713469705107257	0.46357531554511033	0.43479553887811023	0.17656362884162372	0.20884256690128708	0.20050980960355827	0.1799391231867646	0.2634744827750086	0.25125330588093114	0.3261719452158634	0.38118572343473084	0.3657440119884716	0.3953680088584729	0.3868848104939043	0.38269806698978504	0.19647789051544623	0.6518132786437314	0.0	0.5713922830136396	0.35688843997685926	0.36819941097268394	0.39732311626586453	0.4217935799434415	0.33287907032186476	0.3208651561540277	0.33516641125080004	0.3543742971166221	0.32915306554041673	0.377346876803872	0.41184285099966905	0.3935519702126098	0.3977032798944537	0.36478439127800677	0.3770318331936338	0.3536632870366338	0.34993152762016744	0.36409319621869085	0.32974431977708724	0.3684450415190398	0.3906752911157715	0.4028958211905961	0.4125826920517996	0.3298056920183527	0.3559066605135314	0.31751849569095986	0.3333955667880677	0.3798046986255335	0.3884784320422356	0.3835375068032215	0.3394531495018304	0.3363676799844607	0.32923655989037137	0.3714947411513024	0.3461466950217852	0.3641719661646316	0.3418546139417405
CellCharter_1	0.3190394799179535	0.33695502889661616	0.3770274409116299	0.36554178126159687	0.3731699132261746	0.37520712667925377	0.3730822411409831	0.3661006871732913	0.34266589353722315	0.1493810870187112	0.1927534738603261	0.19477892749591194	0.1511481811731664	0.29108726965517717	0.2995245372169358	0.3350562918133781	0.37476820589271465	0.3581335645565154	0.37464333706205494	0.36387699836443016	0.35819354112213553	0.16306018526749136	0.5100638349894291	0.5713922830136396	0.0	0.26955529635182823	0.31109226072717644	0.3066557777671089	0.3818171327310375	0.3533414365297	0.2602391043953418	0.3417004002712783	0.28756907237870033	0.27295492064066446	0.37860251699401215	0.38348326271675726	0.4000553518440418	0.35255464038277007	0.35586266719703374	0.335870099230403	0.32225426230572757	0.3472848314574104	0.33140607938127886	0.31933011140274503	0.33410622067976764	0.3850425499545182	0.38375648554006564	0.41369003337376814	0.35653467393510113	0.358768513334093	0.3432838918824414	0.35811928286254835	0.38694844572397263	0.3935339745264138	0.3439024649508168	0.30286413328596445	0.34229630979386055	0.3091614810254146	0.3429438804364427	0.3545233622811905	0.368630895207891	0.30585290291921363
GraphST_5	0.3431416382855895	0.3768227413060238	0.39929849899596404	0.42206033458624	0.3594827016751933	0.3718614358114224	0.38859207081528024	0.44732373331377967	0.40937462808682334	0.19882382800158832	0.191414336195616	0.20028900354085033	0.1962151935831646	0.24925631624702863	0.23962362119413	0.313331178518109	0.451259328622528	0.3608480311850387	0.3976397440850367	0.4062727267697329	0.44719193745274105	0.341099474279842	0.3145923546942615	0.35688843997685926	0.26955529635182823	0.0	0.6561496886350776	0.7639694777762804	0.4008329622910858	0.32037334079767105	0.5970385194798974	0.3430498399451192	0.724628836532396	0.5000620820647415	0.3715170235615209	0.3922287912005225	0.40842150321601783	0.39696382830206467	0.31528132765075517	0.33761808834270374	0.34736620368121396	0.35063732268285264	0.3416559766601318	0.3320422912180946	0.36766318269900033	0.3711374799406297	0.36243066087372683	0.36846211393839157	0.2804559792798998	0.3101210373697947	0.29321481368716734	0.28557142341510183	0.4199556285301177	0.4048071326922436	0.42821920583333944	0.35819648551625805	0.3797067913052624	0.31949614555333533	0.45386709161625327	0.297455565164003	0.37638980703451613	0.4012436141557037
GraphST_8	0.3754948913635974	0.40488770498189885	0.43086760182478906	0.4319244824585186	0.39669184831784554	0.40095821128057824	0.42822822502828056	0.45629907435498357	0.43789820491045134	0.19388841420359176	0.19879191733285065	0.21545337152462674	0.18479721120017803	0.30971369401948745	0.29849665703720624	0.37705482573495896	0.5451192379076948	0.46698408943548475	0.4667666090043788	0.4817440142131798	0.548855426222386	0.2315122406422988	0.331298847331933	0.36819941097268394	0.31109226072717644	0.6561496886350776	0.0	0.6882189789580219	0.4225753494804665	0.37797894621359124	0.6228103041700923	0.4477591457887891	0.8171295781337722	0.6308577330837035	0.48897723570379154	0.49365004168913906	0.5244012756166381	0.443923935754815	0.3759914244438627	0.38537522096444143	0.45693335130966595	0.43817973477948535	0.4493900218855484	0.4316782640909934	0.44989536250260054	0.4362303971661888	0.4339300872306281	0.4285651803379542	0.31911183361041584	0.35382530364236336	0.32213445987041195	0.32331318417575444	0.5416819910533623	0.5216063800881708	0.5577712432981277	0.43496753453656634	0.5364362972417409	0.3780831766994942	0.5652512186765783	0.3419035246796243	0.4858531930712482	0.49645443402003125
GraphST_9	0.3704991532473511	0.4185178750222377	0.4449373522845793	0.4573464271851997	0.40948117133275225	0.41569336959250386	0.43811158853071924	0.4793183935523005	0.45152489111187877	0.19130466752898675	0.20309636752199603	0.21734337978199558	0.19104414399246797	0.2921231394668866	0.29128106237270807	0.36601444613295053	0.48912964274437076	0.4121551275057059	0.4434686082582259	0.45040576094466406	0.49636899679297036	0.28704734344729993	0.3450126089662724	0.39732311626586453	0.3066557777671089	0.7639694777762804	0.6882189789580219	0.0	0.4718643746562882	0.36623508423888596	0.5565130995815988	0.41219979914344995	0.6662349598048152	0.5374053074993287	0.4380381191983959	0.4403988709287909	0.4501035957780078	0.44065296121186376	0.3487019306496432	0.37946505884827825	0.3939911752233866	0.3910404074189578	0.383811474676877	0.35197707918723226	0.41597830673116715	0.4211239784450255	0.40663515211213436	0.4157302536675855	0.31833682328862384	0.35500179295514056	0.3244036323852672	0.3222265980996918	0.492146603522558	0.47318575235965293	0.48683052875098864	0.38052401760857246	0.4360579461495198	0.3731890334990064	0.4883844300281738	0.33508109706584593	0.4367333511675817	0.45403850523200484
GraphST_2	0.48132204950566726	0.5298485252304693	0.5044938130668404	0.5187406062785744	0.5017010530148885	0.5057917222443973	0.50145795400016	0.5192117522456747	0.5454608792348323	0.1431629238664198	0.18412655403951209	0.20772984043304124	0.1420216312314296	0.38840047709522607	0.38934993054898986	0.4667070168061893	0.4784115214965581	0.4835873187712795	0.5043423131866454	0.5027490704506862	0.4976216617931019	0.22402419614202357	0.4181427172666982	0.4217935799434415	0.3818171327310375	0.4008329622910858	0.4225753494804665	0.4718643746562882	0.0	0.46259979324979855	0.33362382285975273	0.6047373616940832	0.3904840840238164	0.37066185025376863	0.4626001934257644	0.45863308388647706	0.43883869738567327	0.43201778346674596	0.38184116165093906	0.4186142032955971	0.40470450828264665	0.41280284658062993	0.3908054908234788	0.3394537262589777	0.49945732095097206	0.5005639899163616	0.49497712495382484	0.510453341220348	0.39457951406415065	0.4098906014843636	0.3728547513652839	0.39382444400157285	0.5140969713298709	0.5374570967829259	0.42746298620069406	0.3476550533214027	0.44624592157396165	0.48711970962586726	0.4106368151611916	0.44108436259786876	0.43823701280715094	0.4125306908306724
GraphST_3	0.4492281614537833	0.4449408957604667	0.5408227135918887	0.43011511671405117	0.513820567579326	0.5331438218138199	0.5303182046242484	0.44441413771734534	0.4643540335657477	0.14010950795771476	0.1617726852446963	0.18200943025920746	0.13521024027336395	0.36604937815595356	0.35101168279130285	0.405836262302947	0.5101983658770528	0.5521248773004169	0.5311279845072457	0.539819131352611	0.506307952446329	0.1978226126209942	0.34509898656303256	0.33287907032186476	0.3533414365297	0.32037334079767105	0.37797894621359124	0.36623508423888596	0.46259979324979855	0.0	0.34443768419385956	0.4902029317649618	0.3424965960623667	0.41417727662482745	0.43397159203226915	0.4518532153771437	0.48512189501470354	0.41305614233872756	0.3980671889487388	0.3775610124404807	0.4361121434863443	0.45107170017634995	0.41524311673653497	0.30901811786809863	0.5092722335475617	0.5760246195134985	0.5198540717863175	0.5134116922577909	0.35782513946530226	0.346808710612555	0.358060600916994	0.35939135972817576	0.4838912166496324	0.4742359315818665	0.46684764485851465	0.3542020256833426	0.4359962572062117	0.40849344616586164	0.39955565543107113	0.5887770294965611	0.5154269104062766	0.4479574149223897
GraphST_6	0.30977982875636667	0.3273110933989047	0.4014803286341685	0.357582935731343	0.3562343574445959	0.3702928468210827	0.38630195829701974	0.3820375240228295	0.35568114233618536	0.22103239104374034	0.19602699293997708	0.20583543028836546	0.21334394092933712	0.24803928577958678	0.23740167202284054	0.3001594025859913	0.4771318244480738	0.37018222887723407	0.4139672197905661	0.4302925856568874	0.48877790810612987	0.25435548257095103	0.29701628141938635	0.3208651561540277	0.2602391043953418	0.5970385194798974	0.6228103041700923	0.5565130995815988	0.33362382285975273	0.34443768419385956	0.0	0.3284949099847798	0.671556113641137	0.6801270718561128	0.3896354703705356	0.4062404999081747	0.4405938151217429	0.3653216180769164	0.32123214609127254	0.31442842461267373	0.4063883815095104	0.3860778159489258	0.38086384982342036	0.35070788522069807	0.35186468371395824	0.41307911955246923	0.3638089147691386	0.3762250994684768	0.26678366573802403	0.2943657923390165	0.2710388452768559	0.26883753360030765	0.4455667349770789	0.4315478590431709	0.4866741570547383	0.351483394500155	0.42239139180094026	0.30859102218574225	0.4566707281398047	0.3033376560205916	0.44291254587576573	0.4308376351919992
GraphST_1	0.5262615854115391	0.45505806438603913	0.47627124581889263	0.46145214139908874	0.4640851209771834	0.4823290503940938	0.46133127212880337	0.459546645618409	0.46278305444512186	0.15141684386219245	0.1850978502372294	0.2038229308634955	0.14117920392453642	0.44398836801258856	0.4324161630709208	0.5077797000218061	0.48185856235112823	0.5242552971900291	0.45622409529443325	0.46830909232254037	0.5137944134015274	0.12195280191163742	0.33615689129683834	0.33516641125080004	0.3417004002712783	0.3430498399451192	0.4477591457887891	0.41219979914344995	0.6047373616940832	0.4902029317649618	0.3284949099847798	0.0	0.38981426952514325	0.35759577256962627	0.4919018959275588	0.46326420715681116	0.4868451975669918	0.4255808349870772	0.3635370878629973	0.3762933340118669	0.45345853709693135	0.4341298430155021	0.4360673577687445	0.4053869754692349	0.48014965237169427	0.4515052812572702	0.4547247691723495	0.44814800626288803	0.3783883760922731	0.36765690345511554	0.3720727855838657	0.3830301954279683	0.5632572763031745	0.5674659522093161	0.48647946717928753	0.37461785970005507	0.508558239218166	0.49662584777048147	0.4825847147481645	0.4414460051765089	0.4779148297441566	0.43436098563945763
