	label	GraphST_default	GraphST_2	GraphST_dlpfc	GraphST_1	SEDR_default	SEDR_2	SEDR_dlpfc	SEDR_1	STAGATE_starmap	STAGATE_default	STAGATE_slide_stereo	STAGATE_1	BayesSpace_default	BayesSpace_melanoma	BayesSpace_1	BayesSpace_scc	bass_starmap	bass_default	bass_dlpfc	bass_1	spaGCN_default	spaGCN_2	spaGCN_3	spaGCN_1	stardust_default	stardust_tutorial	stardust_2	stardust_1	SpaceFlow_default	SpaceFlow_2	SpaceFlow_3	SpaceFlow_1	DRSC_default	DRSC_FindSVGs	DRSC_all_genes	DRSC_FindVariableFeatures	precast_default	precast_dlpfc	precast_1	precast_BC	seurat-louvain_louvain_3	seurat-leiden_leiden_4	seurat-leiden_leiden_1	seurat-louvain_louvain_1	seurat-louvain_louvain_4	seurat-leiden_leiden_2	seurat-louvain_louvain_2	seurat-leiden_leiden_3	CellCharter_default	CellCharter_2	CellCharter_dlpfc	CellCharter_1	BANKSY_starmap	BANKSY_default	BANKSY_github	BANKSY_dlpfc	scanpy-louvain_louvain_3	scanpy-leiden_leiden_4	scanpy-leiden_leiden_1	scanpy-louvain_louvain_1	scanpy-louvain_louvain_4	scanpy-leiden_leiden_2	scanpy-louvain_louvain_2	scanpy-leiden_leiden_3
label	0.0	0.5931063379331594	0.5508838130584891	0.6302060675042381	0.6066975873681287	0.5712213611281014	0.5929697343638208	0.6124647424195157	0.5861543538976235	0.5974377956047628	0.59484886321875	0.3833752854790427	0.5309659896057587	0.5619488564152133	0.5457589176202762	0.5455911488742191	0.5617019133952751	0.604570981145768	0.5395510983376043	0.5419272068142156	0.5271010206810549	0.5318191930399274	0.43142186055466414	0.3953134861330607	0.5112669479569418	0.3161654407742985	0.27422016384296	0.1632109229634379	0.26725394344080194	0.38786456726030266	0.35446676126718224	0.33459838344110726	0.37886875569025363	0.5489688006132737	0.4831771840789768	0.56314060498679	0.5448023035209852	0.5461960109501762	0.559195355507695	0.5209651503543178	0.5448576982280323	0.37678373387395114	0.2845262307413858	0.375053017132405	0.3737424200084763	0.4132909188307538	0.2845262307413858	0.4132909188307538	0.4073892989999278	0.5407795532002049	0.5394317349744262	0.48304639431925406	0.5366636009768619	0.43835326876868336	0.43012494273227364	0.38763179118655977	0.3764197684359166	0.22655056485132471	0.1880062183682304	0.2032555362144521	0.19133395139917564	0.19650595037208277	0.1823718695659511	0.19402401454283408	0.19131607519277116
GraphST_default	0.5931063379331594	0.0	0.7484024858936659	0.795351717933863	0.7132288494034333	0.7343936817328014	0.7701125522437788	0.7788779030199984	0.7644270530625702	0.718033232637293	0.7849836914031878	0.31743861013410135	0.6314356565316435	0.7149122422475342	0.6658297096010447	0.6673938432539064	0.7154901515986287	0.5371438129493579	0.5664720881352104	0.6575263503625489	0.6078148004555116	0.6754831226922521	0.5053161627799201	0.4667712028848821	0.6489179783688807	0.3540859167466438	0.28473700453185946	0.24330741315050786	0.2842742788051797	0.4867388547191217	0.42066755827476776	0.41302933520973456	0.4411813850939503	0.6825350048268375	0.5635255540500007	0.7083403251454831	0.6613808199764905	0.6903785833283965	0.7151339451885254	0.6573511890215481	0.6867314321210245	0.44833756271241126	0.33365459743942383	0.4455863958262085	0.4458381934907164	0.4819713276313836	0.33365459743942383	0.4819713276313836	0.4181263495472814	0.5964473028584879	0.612578605056682	0.5265807261250214	0.6014541138514078	0.523902481396633	0.4872524922708569	0.4905620578244242	0.5324795201948069	0.2521618088000337	0.24043070129016145	0.242349217213175	0.21791300902155564	0.2411441342705891	0.2376859935630541	0.24159867361698756	0.23754439916614295
GraphST_2	0.5508838130584891	0.7484024858936659	0.0	0.6904099687286819	0.7530124026017264	0.6297035317894794	0.6367416923761959	0.6601736948717356	0.6320665168387251	0.640111831605316	0.6677544678830851	0.317613805088628	0.6593722224728128	0.7217827342366309	0.6506295749981025	0.6531355342909633	0.7221674875917674	0.5315893188131499	0.596690072724922	0.6259743596407811	0.584847880768074	0.6159846610321746	0.4869959855661698	0.4513646534203314	0.5946622738194838	0.38666305191356204	0.3141845969969135	0.2717586088432793	0.31601145578006706	0.5433091943749792	0.4539474788513645	0.44890068347366546	0.484694224151861	0.6976149462699005	0.6059198859003587	0.6659944108764749	0.6659350898420754	0.6534547927682985	0.7044147499121164	0.6704768604737797	0.6493728049258629	0.4330713225068801	0.3517819717235554	0.43144358570610025	0.4277564582216992	0.4577276816575287	0.3517819717235554	0.4577276816575287	0.3823073832127904	0.6374556872765946	0.6430785408615468	0.5316682405618737	0.6408583566894367	0.5498659925559669	0.4858325430251421	0.44773523853161895	0.49729038071786485	0.258858210927801	0.253814014604877	0.2620020906427506	0.22905002509346525	0.25153653061456727	0.24689367452638344	0.2472457904577703	0.2551255576994224
GraphST_dlpfc	0.6302060675042381	0.795351717933863	0.6904099687286819	0.0	0.8179958191921257	0.7723344357774263	0.8233468067379411	0.8474892082639358	0.805234143891029	0.7935730228295931	0.8188531446375307	0.3064560798258452	0.6453109096063478	0.7363477758770984	0.6771927441617377	0.6786667928554937	0.7379369664614117	0.5397384899686916	0.56024261081598	0.676957486178575	0.6206314161271198	0.6839471598268304	0.5181323090382994	0.462531864209697	0.6446983473971274	0.36243867494139187	0.29318786566742683	0.25224845214683356	0.2935316945027058	0.5261140665996566	0.4216881268213556	0.4239237153088094	0.4704611904849698	0.6713796644130484	0.5539739023949881	0.7156025599499761	0.6456396550464072	0.7010493853780705	0.6962052180666357	0.6314039400479814	0.6969610687387217	0.43875586418044404	0.3253824141695913	0.43364427741933254	0.43360506927153497	0.4748251585130164	0.3253824141695913	0.4748251585130164	0.4110781760172278	0.627148956674466	0.6360506499445735	0.5629612885777254	0.6271913038450009	0.582074645588399	0.5097709228792419	0.5152145761978582	0.5948123959100577	0.22885543941601227	0.22178557062159623	0.22771336168373724	0.20088336202416282	0.2230920008108839	0.21921361638801581	0.21974547960759352	0.22358759691557417
GraphST_1	0.6066975873681287	0.7132288494034333	0.7530124026017264	0.8179958191921257	0.0	0.6682353109553106	0.6912654143005743	0.7224182756622058	0.6764552742488722	0.7184799400828509	0.7068666189474271	0.3072053833327345	0.702542228543201	0.785517563093687	0.7032942082629129	0.705759877817256	0.7850897700059432	0.532789717045479	0.6090972883810575	0.6780799795769883	0.6177707074386871	0.6496895158736069	0.5086457626850288	0.45753353513101463	0.6194076959902295	0.414094375006443	0.33604317287711727	0.2896805000422725	0.34218328119797936	0.6263016396524764	0.49018153435484274	0.5032998976903915	0.5609297089552274	0.723604831002597	0.625669714429229	0.6902745891413272	0.6884932757314696	0.7125319921153994	0.7285261866423522	0.6806864734178446	0.7083184359031091	0.4353781364678741	0.3469538374686114	0.4366692762065292	0.4314997325780979	0.47551740669091186	0.3469538374686114	0.47551740669091186	0.38234554520477865	0.7129720197899136	0.7125193841875992	0.5921213530457704	0.7106826332381889	0.6522923316898817	0.5275348485340169	0.4824052655806173	0.57363225922656	0.2530431478944432	0.24899204686826182	0.25664748076338334	0.22623496619888284	0.25158496181893647	0.24381726835138326	0.24558763361080174	0.2542665246789506
SEDR_default	0.5712213611281014	0.7343936817328014	0.6297035317894794	0.7723344357774263	0.6682353109553106	0.0	0.7925960730043161	0.8447805354058446	0.8529793671563044	0.7687933391838653	0.7839493978694715	0.30595862652244915	0.5981284382059352	0.687831202368412	0.6912878328528332	0.6929728132120948	0.6893435618323983	0.5176507491687897	0.5012282627609489	0.7214348162966152	0.6733140773758275	0.7294815955601548	0.5198495999531046	0.47369519276638533	0.689187347132038	0.3371230866712462	0.2905675260033298	0.22763762337331273	0.28562364458084216	0.46362320423916753	0.3601077831937126	0.3664855530437464	0.43211795069409453	0.6669883198156209	0.5285001754339658	0.7185467146424924	0.5720905322397734	0.6825448468713429	0.6140112036688602	0.5820980796107517	0.6823642482861842	0.446534980862203	0.3370075619053509	0.4430377731431544	0.44389241897090315	0.4834067897412436	0.3370075619053509	0.4834067897412436	0.36987687029321004	0.600919928323943	0.6221068821669824	0.5674931476240047	0.6058141394246427	0.5659447226024925	0.5739589897081554	0.5862408101544536	0.5462413526989366	0.2142358375981259	0.19989594335027983	0.2116361484166133	0.18405607011524422	0.20513923303212658	0.19687386540008878	0.20302077676918073	0.205714344320625
SEDR_2	0.5929697343638208	0.7701125522437788	0.6367416923761959	0.8233468067379411	0.6912654143005743	0.7925960730043161	0.0	0.910071093849044	0.8572496347169563	0.7749813165638811	0.818278732931198	0.30956702246739615	0.5897677084292309	0.7309875705325899	0.7317116841556461	0.7278870921928846	0.7326771397877901	0.5716871314842038	0.5591876763021046	0.726003489453834	0.6709645257445207	0.7172059718257422	0.5008235538793885	0.4535594152218081	0.675093206148301	0.3544603236139848	0.2852672841472332	0.25641701895642255	0.2878860942129419	0.4822450876777096	0.3709240575032441	0.3688140270047746	0.4394830582166639	0.6798343548507771	0.5798888985134629	0.7244881344733471	0.6285617656493068	0.7485889523528333	0.6719441207312251	0.6368760119256559	0.7437069969992665	0.4247907623309449	0.31524549385680123	0.4198473511441586	0.41942235081366497	0.45769347493167073	0.31524549385680123	0.45769347493167073	0.3900860162275095	0.5879263054819096	0.612322746478124	0.5694119131786692	0.6024913778133097	0.522509138177329	0.5397371189094522	0.5625638071050061	0.5614422112340308	0.22433469258426542	0.21460267320107312	0.22130733607693906	0.19390726457652444	0.21510374915587813	0.2121759781594822	0.2120944594629642	0.21579713092180716
SEDR_dlpfc	0.6124647424195157	0.7788779030199984	0.6601736948717356	0.8474892082639358	0.7224182756622058	0.8447805354058446	0.910071093849044	0.0	0.8771834805071528	0.7951560487094946	0.8063376873216264	0.30621137356034034	0.6188252264944728	0.7080762686492164	0.6906137433762565	0.6881509000937801	0.7096409959609001	0.5334086457121039	0.5229005990005064	0.6919997037657486	0.6313833775373169	0.6877978576111041	0.49439172427705447	0.44864182077558645	0.6511429335530385	0.34416051227575506	0.27716792663965134	0.2511286257703627	0.27670344033937166	0.47271998827999806	0.39535767274049005	0.3975655112942892	0.42730916525048135	0.6520849414505065	0.5464532464071612	0.7070196363858468	0.5983332429361875	0.7213843488051102	0.6432417529845831	0.601215494563087	0.7164004773618349	0.4301584545880105	0.31335422463272783	0.42539467261839115	0.42591823778568194	0.45881818367521865	0.31335422463272783	0.45881818367521865	0.39785841695970114	0.5881583576934296	0.5980387668079346	0.5711303950967942	0.5895292883556132	0.5273964161048473	0.5410730774784881	0.5865414352551148	0.5438740188857532	0.21791303748528443	0.20518402569483682	0.2122600915660544	0.18630152574028538	0.20677467452950696	0.20265627036875392	0.20717297673861879	0.20533995747699116
SEDR_1	0.5861543538976235	0.7644270530625702	0.6320665168387251	0.805234143891029	0.6764552742488722	0.8529793671563044	0.8572496347169563	0.8771834805071528	0.0	0.7442318213272648	0.8115306730735382	0.29562355611888697	0.5904519977188204	0.7045056640374912	0.676805500549596	0.6732909599851403	0.7070200957089878	0.5202238323943759	0.5128428585877958	0.6855050856496906	0.6248991399474497	0.690689515846569	0.4754176876468027	0.4315973482012576	0.654196641981209	0.3497767744283297	0.28725833328821676	0.23316948148870492	0.28143989547230225	0.45560718183271787	0.39424109656503986	0.3883219240240889	0.426647924070041	0.6576757203364456	0.533437444293212	0.6929989167765462	0.6034716568811671	0.7105922277701154	0.6434723442243043	0.6105730570268826	0.7075340914304135	0.4353227761735309	0.32140642195485025	0.42934065277431754	0.4304646502063329	0.46049750978676	0.32140642195485025	0.46049750978676	0.40150820726001274	0.5829873446988264	0.6007432158540903	0.544090339564165	0.5872096739900884	0.5307720921926105	0.5392081804782974	0.5697630997860297	0.5468802204159604	0.21725559742927913	0.20501216521078688	0.21580492927364048	0.1864094390291732	0.21002951898254632	0.20410687529359706	0.21112474859898483	0.2070075414899242
STAGATE_starmap	0.5974377956047628	0.718033232637293	0.640111831605316	0.7935730228295931	0.7184799400828509	0.7687933391838653	0.7749813165638811	0.7951560487094946	0.7442318213272648	0.0	0.7861158186802467	0.31651221084516806	0.6517020651572265	0.7309243936110161	0.7525417135035848	0.7530159907756914	0.7293501290316251	0.566079936223298	0.5487251304610156	0.7519096110107754	0.7067929565312867	0.7470877770468474	0.5510125509938831	0.49822953301163797	0.7031339800455462	0.33979492142932344	0.3072368293273026	0.24866992462563126	0.2984085813515552	0.517616082689083	0.35195142081354025	0.3571655771762554	0.4703968706255918	0.69385274931681	0.5370781974652226	0.7785382085404108	0.5985951281330893	0.6916726267585044	0.641447691783919	0.5957922130943579	0.6914021640892949	0.46361453361746907	0.3557475912074695	0.4611669800573406	0.4592086716590738	0.49905981176488484	0.3557475912074695	0.49905981176488484	0.3752519662555235	0.6857893761839335	0.6895020917836148	0.609951977501978	0.6866776209377261	0.5932918809938375	0.5769658379385473	0.5705097371227923	0.5546617590194399	0.22205314371432056	0.20908826789547155	0.21989778025837844	0.1948043617494581	0.21037933226868585	0.20683277813668038	0.20678073747930323	0.21417881665203842
STAGATE_default	0.59484886321875	0.7849836914031878	0.6677544678830851	0.8188531446375307	0.7068666189474271	0.7839493978694715	0.818278732931198	0.8063376873216264	0.8115306730735382	0.7861158186802467	0.0	0.314746778082219	0.6359917530513328	0.779293246747498	0.7353284486117403	0.7326618507884419	0.779907519811887	0.5590869173561016	0.5738074013129778	0.72493150008223	0.6724108890618173	0.7393245330527574	0.5263087822314969	0.47796436903755585	0.7004292320178924	0.3570517004905945	0.3000254543452504	0.24714376365010796	0.29502615366448176	0.5009046314674295	0.37866128623600065	0.3841286479115114	0.4660223725374291	0.7167593570674594	0.5794546122467784	0.7670184765205948	0.6590378180510839	0.7358056769970173	0.7003107990610838	0.6573219623149192	0.7337881373869712	0.44837876779345315	0.3389624504574234	0.4450087773778266	0.4459396225885998	0.48477091094840247	0.3389624504574234	0.48477091094840247	0.39324741304683597	0.6334576769363728	0.66280628920187	0.5592876100939497	0.6458587738055802	0.5521434303384833	0.5384655154250432	0.5345099143413874	0.5661121260217349	0.22994773844520866	0.22233551897390288	0.2287381279885878	0.20101245770110224	0.22410862709414478	0.21945000205443682	0.21976007746209855	0.22187078272118949
STAGATE_slide_stereo	0.3833752854790427	0.31743861013410135	0.317613805088628	0.3064560798258452	0.3072053833327345	0.30595862652244915	0.30956702246739615	0.30621137356034034	0.29562355611888697	0.31651221084516806	0.314746778082219	0.0	0.291948819520477	0.3262714804299278	0.33444254810099533	0.3340961705897377	0.32655116278011226	0.3366032177214991	0.3198565123732354	0.3408019795983527	0.3468295194212895	0.33166787204125003	0.33189288886753016	0.3500904380269431	0.3358438194583887	0.2407242446814402	0.22964019739197145	0.16912556122316452	0.22247869727935332	0.29849420287943074	0.17937126825567914	0.1734411160840908	0.2650301352834104	0.3303465956065502	0.32514427722860995	0.33676705191881434	0.30950221702005515	0.3137624657532744	0.30936647735164186	0.30714967025175516	0.31507966410731825	0.33939413770977533	0.37800038484567194	0.3477204558935078	0.3375588567849093	0.29617150311390456	0.37800038484567194	0.29617150311390456	0.2992266316855934	0.3138814544733906	0.307418409750171	0.27686430949229124	0.3089290481690587	0.24176289929355543	0.2476912803450857	0.2337085260240605	0.2206504732928843	0.19435068721271903	0.18190665820219687	0.1967431263062513	0.17813556752738102	0.18582630489791907	0.17592455509776542	0.17432022208634418	0.18723210586989364
STAGATE_1	0.5309659896057587	0.6314356565316435	0.6593722224728128	0.6453109096063478	0.702542228543201	0.5981284382059352	0.5897677084292309	0.6188252264944728	0.5904519977188204	0.6517020651572265	0.6359917530513328	0.291948819520477	0.0	0.639630916054195	0.6507976399144402	0.6502143245685738	0.6390692601627377	0.4542954907943568	0.485785823042959	0.6037883134592101	0.5658302825704109	0.579939227224058	0.4715061651117772	0.43129801943973334	0.5709436193216684	0.3148271153930014	0.31169412971076016	0.2642509761618789	0.27177420174029115	0.480498560312092	0.3815317391336246	0.3818423104418923	0.4623103080208636	0.6164046498396258	0.48433019906779495	0.6227351805880716	0.5576421647469629	0.5902530959859582	0.6012033757248102	0.5622419563559639	0.5902277692897038	0.4199473442851597	0.31900903666285796	0.4206626687879502	0.41601879636103256	0.4513678377753494	0.31900903666285796	0.4513678377753494	0.3718985798704475	0.6576859204989806	0.6307552603488699	0.5916835913389223	0.6425388417875495	0.5520263528804211	0.4918399241311772	0.46169880950779735	0.47128869440672966	0.23686675443075642	0.22278413003357553	0.23411973062458374	0.21278524057688844	0.2294742182953748	0.21808382209432503	0.22651291549155544	0.2271064811852423
BayesSpace_default	0.5619488564152133	0.7149122422475342	0.7217827342366309	0.7363477758770984	0.785517563093687	0.687831202368412	0.7309875705325899	0.7080762686492164	0.7045056640374912	0.7309243936110161	0.779293246747498	0.3262714804299278	0.639630916054195	0.0	0.8085924883147222	0.8070562139154508	0.9966861080964916	0.592111058217657	0.6518790439539897	0.7492391831890824	0.6906797553293493	0.7457959214020622	0.5148947610554168	0.4768945062482362	0.7194795248075372	0.4325446719235323	0.3421751484519207	0.27318103555224205	0.35892118899754	0.5823383493241371	0.44926280070529084	0.4593586842817485	0.5436914209749212	0.8240349654215694	0.6960208408919825	0.782126372385259	0.7541713582572124	0.778746436085759	0.7952813111585012	0.7579403884301031	0.7762105234498599	0.4427539005585313	0.36047038702906636	0.4459706821505594	0.4419727493345939	0.49218132936014247	0.36047038702906636	0.49218132936014247	0.36778374374183354	0.7266126301662668	0.7458202688217785	0.5671179770729416	0.7341224917987289	0.6268646984906007	0.5515366307788742	0.5001630067508178	0.5701424695991498	0.25394691208570647	0.2537891731778144	0.261690424131033	0.22665112881628025	0.25205390120674226	0.24734771217617144	0.24579073344371882	0.25655008110616856
BayesSpace_melanoma	0.5457589176202762	0.6658297096010447	0.6506295749981025	0.6771927441617377	0.7032942082629129	0.6912878328528332	0.7317116841556461	0.6906137433762565	0.676805500549596	0.7525417135035848	0.7353284486117403	0.33444254810099533	0.6507976399144402	0.8085924883147222	0.0	0.9954075004698376	0.8092669858069937	0.5866690049923015	0.5990676329135373	0.851614163681478	0.7907142606956518	0.7971443877767459	0.548861591993832	0.5055175675954554	0.7667717463545878	0.38257225348447776	0.3362428456642538	0.2776706269310658	0.33714552044973023	0.5693694410588099	0.3586060348119432	0.3587517116586497	0.5357138186510917	0.8034598839995072	0.6506738247907461	0.8359300128486734	0.683457277064526	0.7708518681744068	0.7074529616923466	0.6964440764554576	0.7728306730938747	0.45772048233533774	0.3723965873702103	0.4620301882831757	0.45404447556967675	0.49968891130267623	0.3723965873702103	0.49968891130267623	0.3583802543412142	0.7104576992364403	0.7356819229874975	0.6335899103051007	0.7301039527354196	0.5792930781657294	0.60918699324188	0.5484708725232805	0.5165663607739036	0.25392085293621447	0.23992792619461406	0.2535149396751015	0.22595442309202843	0.2420421850617531	0.23613050878188258	0.23797140866739921	0.24704379044657443
BayesSpace_1	0.5455911488742191	0.6673938432539064	0.6531355342909633	0.6786667928554937	0.705759877817256	0.6929728132120948	0.7278870921928846	0.6881509000937801	0.6732909599851403	0.7530159907756914	0.7326618507884419	0.3340961705897377	0.6502143245685738	0.8070562139154508	0.9954075004698376	0.0	0.8077295464472123	0.58870075620031	0.6009480079226256	0.8485650117633868	0.7875379406166416	0.7953775668708298	0.5509943833642308	0.5074201840067858	0.7650942196963216	0.3823042033902289	0.3352295414458297	0.2768303523751574	0.33685273306770275	0.5713832670288457	0.3586889445140021	0.35904186429780166	0.5362835136109675	0.8005991627766603	0.6484963288448702	0.8340915409813621	0.6840612475019624	0.7669332178684874	0.7091141871969602	0.6994044226505651	0.7689087061927319	0.457813267782931	0.37276417822425256	0.4621525535130398	0.45416888259809257	0.5003695513889802	0.37276417822425256	0.5003695513889802	0.35793994428030645	0.709909903513064	0.7383406247289406	0.6329450878463195	0.7305700606622871	0.5821266862307324	0.6087004895329412	0.5466742995121834	0.5193564873361513	0.25464335805029226	0.2404227715288425	0.254017481485197	0.22652658154575653	0.24271341632411725	0.23688009886320524	0.23850153687010595	0.2475051670918692
BayesSpace_scc	0.5617019133952751	0.7154901515986287	0.7221674875917674	0.7379369664614117	0.7850897700059432	0.6893435618323983	0.7326771397877901	0.7096409959609001	0.7070200957089878	0.7293501290316251	0.779907519811887	0.32655116278011226	0.6390692601627377	0.9966861080964916	0.8092669858069937	0.8077295464472123	0.0	0.5938203846840255	0.6518160213941799	0.7509036704185619	0.6923593601038587	0.7474968898698761	0.5144754770418097	0.4764135241959995	0.719541248060415	0.43259796986014787	0.3419841556939855	0.2731580531792574	0.3590143076310165	0.5824855108907419	0.4499820008140854	0.4600715794848338	0.5441225336025842	0.8244743980333603	0.696282779158491	0.7827789120313285	0.754572640519825	0.7790807487295136	0.7946199429517143	0.7583736463116197	0.7754035957110216	0.4423761330810148	0.3599662199271085	0.44556790942131275	0.4415850454242812	0.49172755470650764	0.3599662199271085	0.49172755470650764	0.36818760963968894	0.7260497431184253	0.7463332884091828	0.5670863457196933	0.734656396779503	0.6263371447571314	0.5522325193693721	0.5004567000351385	0.5701056770163152	0.2537835023026004	0.2528286634798805	0.2608891641444015	0.2261025263134094	0.2508566711502741	0.2464038363476027	0.24537091758221827	0.25618677737451295
bass_starmap	0.604570981145768	0.5371438129493579	0.5315893188131499	0.5397384899686916	0.532789717045479	0.5176507491687897	0.5716871314842038	0.5334086457121039	0.5202238323943759	0.566079936223298	0.5590869173561016	0.3366032177214991	0.4542954907943568	0.592111058217657	0.5866690049923015	0.58870075620031	0.5938203846840255	0.0	0.7394111691777939	0.5841515804708965	0.5896556554326878	0.5713814504634787	0.4132540541794745	0.3790409359312549	0.5534178126988667	0.3007522857831062	0.28023687277505105	0.2155516377998757	0.279776388894797	0.40156347759304534	0.273686785040258	0.260499257552667	0.35731944876459476	0.5930205715436728	0.5385249375840921	0.5984099902767583	0.5797022966744146	0.5461170154157162	0.5735144325570453	0.5588911529821443	0.5463880809543216	0.33294485752786196	0.29473477992551106	0.33237572887477806	0.3309985170652266	0.3762438432703558	0.29473477992551106	0.3762438432703558	0.30552818903705087	0.5333714973217595	0.5435531156753979	0.40127979161721244	0.5366486112514431	0.4517664816045952	0.4036621650379918	0.4305259468135214	0.42759642812684856	0.20002743950630286	0.19635622750836423	0.203828306608947	0.1792156707251914	0.19167614379897935	0.19273796749342056	0.1791212772330092	0.20170561465532943
bass_default	0.5395510983376043	0.5664720881352104	0.596690072724922	0.56024261081598	0.6090972883810575	0.5012282627609489	0.5591876763021046	0.5229005990005064	0.5128428585877958	0.5487251304610156	0.5738074013129778	0.3198565123732354	0.485785823042959	0.6518790439539897	0.5990676329135373	0.6009480079226256	0.6518160213941799	0.7394111691777939	0.0	0.5827639775695551	0.5978555688996092	0.5664562899792988	0.41896058959863663	0.3854737009239023	0.555493586163113	0.35548657883357454	0.3021307056942809	0.24637722658329522	0.31079849633353707	0.4837490600088729	0.3430120029117361	0.33895799921643865	0.4254849744482498	0.6418161924472017	0.618502890147292	0.6103066884100153	0.6355118964084638	0.580656175419926	0.6365688931747295	0.6232706024551894	0.5790280607251168	0.35952670834513123	0.3359444369101548	0.3656266190142333	0.3609207273702517	0.4148798409063271	0.3359444369101548	0.4148798409063271	0.3103907052627014	0.5948405855412322	0.604912022957676	0.4299629332728345	0.5962665120046081	0.48737466756021164	0.45385529971039934	0.4583812327893075	0.47238161380047555	0.24380753523267715	0.25018497408226104	0.257371522389032	0.2246378963981949	0.24263544940606271	0.2447414319358829	0.22467399157122184	0.25555953744351734
bass_dlpfc	0.5419272068142156	0.6575263503625489	0.6259743596407811	0.676957486178575	0.6780799795769883	0.7214348162966152	0.726003489453834	0.6919997037657486	0.6855050856496906	0.7519096110107754	0.72493150008223	0.3408019795983527	0.6037883134592101	0.7492391831890824	0.851614163681478	0.8485650117633868	0.7509036704185619	0.5841515804708965	0.5827639775695551	0.0	0.8723990361822386	0.8567355544756441	0.5847894913412949	0.5351128780548062	0.811811123785201	0.3737956805358913	0.3242711136006575	0.26590104179279106	0.3394937908785267	0.5409989333393914	0.3399238674327714	0.34029543055361183	0.5043538690918777	0.7657901094641851	0.633161417032677	0.8371570189948508	0.64218516118048	0.795620840425469	0.6682675455182361	0.6519598971221068	0.7930413819125849	0.4771088926878312	0.38461769769580423	0.47853577452177687	0.47431918336321327	0.5157238791786525	0.38461769769580423	0.5157238791786525	0.34886829169674466	0.6905707742589854	0.7290226629498838	0.6139278557109512	0.7105518628211922	0.5695924106820813	0.6337249826290628	0.5464785054482217	0.5085969745820255	0.24140107461152494	0.22784869407824132	0.24425064229299578	0.2142532058989207	0.2277749497223442	0.22628282071654646	0.22245506188321104	0.23992877338124835
bass_1	0.5271010206810549	0.6078148004555116	0.584847880768074	0.6206314161271198	0.6177707074386871	0.6733140773758275	0.6709645257445207	0.6313833775373169	0.6248991399474497	0.7067929565312867	0.6724108890618173	0.3468295194212895	0.5658302825704109	0.6906797553293493	0.7907142606956518	0.7875379406166416	0.6923593601038587	0.5896556554326878	0.5978555688996092	0.8723990361822386	0.0	0.8237381238550878	0.6129292278155597	0.5615213490472521	0.7930352828373968	0.3594943152710738	0.33162838319546145	0.28084295619910676	0.32777669789375025	0.5045483589008285	0.3201976113687562	0.3099994644019229	0.4815540744932616	0.7154530136826449	0.5992240457753718	0.8002727789749253	0.5962961565331542	0.7311655946799012	0.6156691758438411	0.6074196535055687	0.7296571991518238	0.4878438284529344	0.39653628287601606	0.4883507130413735	0.48553560561864517	0.5401352000924715	0.39653628287601606	0.5401352000924715	0.3484676203467067	0.659778354956389	0.6886658723552005	0.5674068378057857	0.6706238025701182	0.5511665219902165	0.596662311121202	0.5199793320675679	0.49022418367054665	0.24302705631767657	0.22544582842061547	0.2441618888578663	0.2161410542715291	0.2259532865681619	0.22373079310117477	0.21729132126008324	0.23782063284758542
spaGCN_default	0.5318191930399274	0.6754831226922521	0.6159846610321746	0.6839471598268304	0.6496895158736069	0.7294815955601548	0.7172059718257422	0.6877978576111041	0.690689515846569	0.7470877770468474	0.7393245330527574	0.33166787204125003	0.579939227224058	0.7457959214020622	0.7971443877767459	0.7953775668708298	0.7474968898698761	0.5713814504634787	0.5664562899792988	0.8567355544756441	0.8237381238550878	0.0	0.6015388527078167	0.5529495218982963	0.9220339034077308	0.35442561667644457	0.2974003498005483	0.23784014913896442	0.3197012238114791	0.5058366291131491	0.32680694665202836	0.329383310499643	0.4713709674834228	0.7432289754860228	0.6062171998463491	0.80703044772672	0.6333813661448512	0.7500161418631613	0.665136445374791	0.6473804860949276	0.7475984812809384	0.4550081972966297	0.36597103416503257	0.4616545774908558	0.4573790351973	0.5102194554942739	0.36597103416503257	0.5102194554942739	0.3355129320416063	0.6583320958239559	0.6963781830046004	0.5853496368492078	0.6729618367301377	0.57251249272716	0.5959063751483499	0.5266432517910795	0.5212214959668635	0.23058111286125785	0.22022418375057948	0.23228534107529145	0.20104226108838563	0.22039914097927643	0.21723143547258186	0.21478356122408862	0.22675981323917757
spaGCN_2	0.43142186055466414	0.5053161627799201	0.4869959855661698	0.5181323090382994	0.5086457626850288	0.5198495999531046	0.5008235538793885	0.49439172427705447	0.4754176876468027	0.5510125509938831	0.5263087822314969	0.33189288886753016	0.4715061651117772	0.5148947610554168	0.548861591993832	0.5509943833642308	0.5144754770418097	0.4132540541794745	0.41896058959863663	0.5847894913412949	0.6129292278155597	0.6015388527078167	0.0	0.8383691768967028	0.5847602708286118	0.2967725883733934	0.26074507504913885	0.21984203277736844	0.2674915214148043	0.4348350375918971	0.2675477698331849	0.2585702530139455	0.3906323048999325	0.5122403485851357	0.45135829791525794	0.5791254408394452	0.44001652805746966	0.5075536222850816	0.4635622972302132	0.44562860948842514	0.5071182677315513	0.4156975007964302	0.332177444343136	0.42007050267791834	0.41460017869808286	0.4288190593818156	0.332177444343136	0.4288190593818156	0.31822745521029	0.49604724101406744	0.4990206191309288	0.4328063193939591	0.49886628488807844	0.43449518249108704	0.39441699805084923	0.34758289224365196	0.37109909775228067	0.21273316241782014	0.19537881863107492	0.21401202400305955	0.18748509587046971	0.20153002578534174	0.1941855721810777	0.1924956739806045	0.20699955690168811
spaGCN_3	0.3953134861330607	0.4667712028848821	0.4513646534203314	0.462531864209697	0.45753353513101463	0.47369519276638533	0.4535594152218081	0.44864182077558645	0.4315973482012576	0.49822953301163797	0.47796436903755585	0.3500904380269431	0.43129801943973334	0.4768945062482362	0.5055175675954554	0.5074201840067858	0.4764135241959995	0.3790409359312549	0.3854737009239023	0.5351128780548062	0.5615213490472521	0.5529495218982963	0.8383691768967028	0.0	0.5624808907518557	0.28655937237911533	0.2523573546851721	0.21160514217808074	0.2589909836918577	0.40288537564789656	0.24839177148750577	0.23934110151536864	0.3614872996452411	0.4782971128555467	0.4283600658858313	0.5340830002945437	0.4107386813030516	0.4728424603039045	0.4310020603849199	0.4172286102849441	0.47347578891080516	0.4049568965558	0.3305906072828226	0.4105026626976049	0.4032920309021185	0.4159442257065209	0.3305906072828226	0.4159442257065209	0.31973729779165255	0.45077178453948263	0.45521823323456323	0.403396672764131	0.4540620847292804	0.3858164647481511	0.3568425510120254	0.3157809834830936	0.3297377102177775	0.21104581308867176	0.1946013870519857	0.21215036803478365	0.18873930219610555	0.1998051542800538	0.1921605637111774	0.18885054747407665	0.2068567662592243
spaGCN_1	0.5112669479569418	0.6489179783688807	0.5946622738194838	0.6446983473971274	0.6194076959902295	0.689187347132038	0.675093206148301	0.6511429335530385	0.654196641981209	0.7031339800455462	0.7004292320178924	0.3358438194583887	0.5709436193216684	0.7194795248075372	0.7667717463545878	0.7650942196963216	0.719541248060415	0.5534178126988667	0.555493586163113	0.811811123785201	0.7930352828373968	0.9220339034077308	0.5847602708286118	0.5624808907518557	0.0	0.3491070523111921	0.2888949067286437	0.23315113708507929	0.3130932986892897	0.48926774404323803	0.3176741763386056	0.3181496303087654	0.45397858006771963	0.7198433714003878	0.5939311857567875	0.7707254233222172	0.613783040195031	0.7204425483486739	0.6409885834745851	0.6229863994687751	0.7178086059872673	0.4535017506926726	0.36738615648656375	0.4602689898425304	0.4549416725985817	0.5090360811583832	0.36738615648656375	0.5090360811583832	0.3326834069894317	0.6329410995555625	0.6625485706470949	0.5697692453595797	0.6418105375747684	0.5440272285877465	0.5618089464420325	0.5026812755431876	0.48961960709671765	0.22954561353337277	0.21927275316681138	0.23228862373326464	0.2025811362362491	0.22273405877732905	0.21587886303191878	0.2152449360293725	0.22693076324962277
stardust_default	0.3161654407742985	0.3540859167466438	0.38666305191356204	0.36243867494139187	0.414094375006443	0.3371230866712462	0.3544603236139848	0.34416051227575506	0.3497767744283297	0.33979492142932344	0.3570517004905945	0.2407242446814402	0.3148271153930014	0.4325446719235323	0.38257225348447776	0.3823042033902289	0.43259796986014787	0.3007522857831062	0.35548657883357454	0.3737956805358913	0.3594943152710738	0.35442561667644457	0.2967725883733934	0.28655937237911533	0.3491070523111921	0.0	0.5547557009401465	0.40936961418835593	0.8074791863053172	0.4276460036361413	0.3721517502042198	0.47029564816120356	0.44332053129919424	0.4325473346051227	0.4427130235924698	0.3914150166107649	0.41429543480395675	0.40665041830266757	0.404902403039344	0.4066065297059189	0.40685585208915576	0.4091017086269633	0.3661082737447621	0.4250545453153364	0.41815378948857457	0.39625638912462896	0.3661082737447621	0.39625638912462896	0.32852973049811174	0.3717647234137747	0.3649837887325712	0.2981510652980809	0.3723671321354841	0.35795985839354494	0.31931979402939814	0.25894873780313765	0.2998772400731239	0.25879978376755786	0.2533894116636538	0.26995835524047523	0.2428711091104794	0.2613831915765167	0.2489605093401079	0.26368882558617196	0.26315220540671336
stardust_tutorial	0.27422016384296	0.28473700453185946	0.3141845969969135	0.29318786566742683	0.33604317287711727	0.2905675260033298	0.2852672841472332	0.27716792663965134	0.28725833328821676	0.3072368293273026	0.3000254543452504	0.22964019739197145	0.31169412971076016	0.3421751484519207	0.3362428456642538	0.3352295414458297	0.3419841556939855	0.28023687277505105	0.3021307056942809	0.3242711136006575	0.33162838319546145	0.2974003498005483	0.26074507504913885	0.2523573546851721	0.2888949067286437	0.5547557009401465	0.0	0.6229745864335142	0.5663088103555849	0.40260368759153276	0.2892912337332465	0.32170196151234043	0.40544715131069187	0.35890502691158044	0.3698630757882808	0.339272929063905	0.3382744512400538	0.32988430796499774	0.3198809041833191	0.3224729395840814	0.3300949834003739	0.3568057227294835	0.332433640906427	0.36584069205651015	0.36091925189460833	0.32969303912222836	0.332433640906427	0.32969303912222836	0.2931514604348021	0.36775577102748397	0.35048959428659965	0.28276821538658364	0.35850695233276436	0.3001586401054342	0.2902092091914696	0.2762498817385903	0.2964277004626691	0.23030991662128755	0.23268485233170685	0.23896256539225166	0.22007717137804675	0.225055479598102	0.22981189559122345	0.2196789683847651	0.233189494487508
stardust_2	0.1632109229634379	0.24330741315050786	0.2717586088432793	0.25224845214683356	0.2896805000422725	0.22763762337331273	0.25641701895642255	0.2511286257703627	0.23316948148870492	0.24866992462563126	0.24714376365010796	0.16912556122316452	0.2642509761618789	0.27318103555224205	0.2776706269310658	0.2768303523751574	0.2731580531792574	0.2155516377998757	0.24637722658329522	0.26590104179279106	0.28084295619910676	0.23784014913896442	0.21984203277736844	0.21160514217808074	0.23315113708507929	0.40936961418835593	0.6229745864335142	0.0	0.4302524552607174	0.3362581484108954	0.27494658356493035	0.2854418137088675	0.30694179030439683	0.26691004655664546	0.29692453619766923	0.26417146405541836	0.2671124153651173	0.28145828314700105	0.26228737301291444	0.263842369220654	0.2797206047542555	0.2925675977129841	0.27012290868044647	0.2968813081478171	0.2916486246404559	0.25237137937236	0.27012290868044647	0.25237137937236	0.24706635258314583	0.2602046733834891	0.26005424868232124	0.2319681573461148	0.2611505599287837	0.22761862595081178	0.23964546566287268	0.22329915018740315	0.23269134453447204	0.2136324353774066	0.21914395771311537	0.21662572943400546	0.2027699736251872	0.21056844763074936	0.22201649964793777	0.20287165239199703	0.21964885048736277
stardust_1	0.26725394344080194	0.2842742788051797	0.31601145578006706	0.2935316945027058	0.34218328119797936	0.28562364458084216	0.2878860942129419	0.27670344033937166	0.28143989547230225	0.2984085813515552	0.29502615366448176	0.22247869727935332	0.27177420174029115	0.35892118899754	0.33714552044973023	0.33685273306770275	0.3590143076310165	0.279776388894797	0.31079849633353707	0.3394937908785267	0.32777669789375025	0.3197012238114791	0.2674915214148043	0.2589909836918577	0.3130932986892897	0.8074791863053172	0.5663088103555849	0.4302524552607174	0.0	0.4074265840494619	0.3195813945897221	0.41640897295209245	0.42900649483390635	0.37187244224103927	0.3801845653857465	0.3430062038347307	0.34794229540683724	0.33622775111718	0.3325825158245182	0.3368747000963	0.3366260622230383	0.3718584498228767	0.3422423083880249	0.3881032726498743	0.3817490633600048	0.3564743906624145	0.3422423083880249	0.3564743906624145	0.26593714058046597	0.3341742281742801	0.32775936326698546	0.2638939185548884	0.33355360246439697	0.3233067770691856	0.28677116677580666	0.22836768531747223	0.2688484142156779	0.22500293045025743	0.22357690320877524	0.2352454906645615	0.2074869630249761	0.22435700228388908	0.22041201511041542	0.2238229763990979	0.23256546051307855
SpaceFlow_default	0.38786456726030266	0.4867388547191217	0.5433091943749792	0.5261140665996566	0.6263016396524764	0.46362320423916753	0.4822450876777096	0.47271998827999806	0.45560718183271787	0.517616082689083	0.5009046314674295	0.29849420287943074	0.480498560312092	0.5823383493241371	0.5693694410588099	0.5713832670288457	0.5824855108907419	0.40156347759304534	0.4837490600088729	0.5409989333393914	0.5045483589008285	0.5058366291131491	0.4348350375918971	0.40288537564789656	0.48926774404323803	0.4276460036361413	0.40260368759153276	0.3362581484108954	0.4074265840494619	0.0	0.4390585667066507	0.4547906657734342	0.7351583279878869	0.5577172449796828	0.5144070880858573	0.5483637056652665	0.5105364529830457	0.5347337810228311	0.5279549109371323	0.5190482922133489	0.5299441580205713	0.41519263948579194	0.3644424167611735	0.4201816751159134	0.41338703283544254	0.4080119470352967	0.3644424167611735	0.4080119470352967	0.3055326472079913	0.5643550175439337	0.5507820119145518	0.44021552094349786	0.5590421841850614	0.4848562447486507	0.46377888308368104	0.37474010638574917	0.42059512945216376	0.2469677481862418	0.2483856654240314	0.25133342942220865	0.2181290257309286	0.23773467120300806	0.24367256740745177	0.23571983820096537	0.24927805473199674
SpaceFlow_2	0.35446676126718224	0.42066755827476776	0.4539474788513645	0.4216881268213556	0.49018153435484274	0.3601077831937126	0.3709240575032441	0.39535767274049005	0.39424109656503986	0.35195142081354025	0.37866128623600065	0.17937126825567914	0.3815317391336246	0.44926280070529084	0.3586060348119432	0.3586889445140021	0.4499820008140854	0.273686785040258	0.3430120029117361	0.3399238674327714	0.3201976113687562	0.32680694665202836	0.2675477698331849	0.24839177148750577	0.3176741763386056	0.3721517502042198	0.2892912337332465	0.27494658356493035	0.3195813945897221	0.4390585667066507	0.0	0.73995899594277	0.4892117872128917	0.3892611601431355	0.3837104638241544	0.3620403346119269	0.437187362470742	0.3915294685540879	0.4643271232739365	0.45477507157538594	0.38685132232670605	0.30951157171231747	0.22891175000952454	0.3093140090211211	0.30927122610810986	0.3248524279797968	0.22891175000952454	0.3248524279797968	0.31591507810965674	0.38431830336903644	0.37977223360930895	0.3032067494463315	0.3814845081052548	0.3717827750920789	0.28952399041746796	0.23222659463688036	0.27516681008747035	0.24904822501706567	0.23557050431850046	0.24261398038051354	0.2029694141882183	0.2310678861090165	0.2365130615145296	0.24114955635958374	0.2311101074523509
