	label	GraphST_default	GraphST_2	GraphST_dlpfc	GraphST_1	SEDR_default	SEDR_2	SEDR_dlpfc	SEDR_1	STAGATE_starmap	STAGATE_default	STAGATE_slide_stereo	STAGATE_1	BayesSpace_default	BayesSpace_melanoma	BayesSpace_1	BayesSpace_scc	bass_starmap	bass_default	bass_dlpfc	bass_1	spaGCN_default	spaGCN_2	spaGCN_3	spaGCN_1	stardust_default	stardust_tutorial	stardust_2	stardust_1	SpaceFlow_default	SpaceFlow_2	SpaceFlow_3	SpaceFlow_1	DRSC_default	DRSC_FindSVGs	DRSC_all_genes	DRSC_FindVariableFeatures	precast_default	precast_dlpfc	precast_1	precast_BC	seurat-louvain_louvain_3	seurat-leiden_leiden_4	seurat-leiden_leiden_1	seurat-louvain_louvain_1	seurat-louvain_louvain_4	seurat-leiden_leiden_2	seurat-louvain_louvain_2	seurat-leiden_leiden_3	CellCharter_default	CellCharter_2	CellCharter_dlpfc	CellCharter_1	BANKSY_starmap	BANKSY_default	BANKSY_github	BANKSY_dlpfc	scanpy-louvain_louvain_3	scanpy-leiden_leiden_4	scanpy-leiden_leiden_1	scanpy-louvain_louvain_1	scanpy-louvain_louvain_4	scanpy-leiden_leiden_2	scanpy-louvain_louvain_2	scanpy-leiden_leiden_3
label	0.0	0.6048034717060353	0.48965387785451514	0.6430536093702957	0.4813090805720481	0.5464374355776077	0.5785444605487695	0.46739665770144934	0.5672756316963796	0.3818434853309773	0.5977873139939411	0.35216832975782936	0.4834318390787433	0.37117768971923293	0.5271316672132725	0.5264273516145561	0.3720140619233916	0.5401069607281975	0.5088858079001839	0.5647541391224362	0.5390906716886997	0.5250345168114194	0.27389721869488276	0.25340074976473603	0.49270451964435297	0.254547010693988	0.24923604548589637	0.2378400065994545	0.21553065599270183	0.39099529572629643	0.2998859354692462	0.3099043174094656	0.40073421108965285	0.5266575317381811	0.3343242605629097	0.565949652737769	0.4314109093807435	0.4683040322103329	0.571309484125056	0.5233521685095635	0.4628330038284351	0.41444415199758344	0.40009106295483304	0.42737959108679396	0.3784774149744726	0.4083787578641074	0.40009106295483304	0.4083787578641074	0.38505135438960736	0.4651864515724069	0.3468040295984563	0.4671310260031917	0.5074554536916491	0.31339640833762855	0.37580874459991437	0.37081855217926457	0.4379596504973594	0.24293885135179422	0.25140321249808895	0.23710928634181652	0.2015376214962032	0.2399208064705603	0.24430351053513355	0.22060439845071167	0.21427513069660886
GraphST_default	0.6048034717060353	0.0	0.5342635977051474	0.764401469644163	0.4566494305655725	0.6133395793189468	0.6499561523828923	0.5178201668985911	0.6212934729119278	0.44874324752538575	0.7682032726680277	0.3584766147323258	0.45777903691289284	0.43613156793745383	0.6563402963815208	0.6556868872503383	0.4375970348569976	0.6682861913970791	0.6299624430343707	0.6679194936863112	0.6289032332739212	0.520274950894849	0.32764917015609396	0.31037982310235973	0.49572819843593857	0.22654370888678418	0.2839842127885901	0.2653885508242202	0.19443641947698656	0.36615082434713925	0.33563448687030106	0.310600926902845	0.38670507676906146	0.6486701254760862	0.39932318626747276	0.6559948279997898	0.47726407348680233	0.49338125791624576	0.6480595431473303	0.5735197707456383	0.48623123824349235	0.3774618626950081	0.32603441513996206	0.40625800778942867	0.3386605316114859	0.32832636647825736	0.32603441513996206	0.32832636647825736	0.3375798862857433	0.5238969042782415	0.38484775854087494	0.5427753797780774	0.5472376372677729	0.3325774684622494	0.43898456355099846	0.39198210194375843	0.523169673014145	0.24096568547794855	0.28486171625794193	0.23652603100816275	0.18580743798932117	0.26452922914971616	0.2894524620792545	0.25364261811069033	0.21527152542566233
GraphST_2	0.48965387785451514	0.5342635977051474	0.0	0.5011486137276128	0.6700484046175718	0.5228333383573126	0.4980806609074296	0.39113312755427326	0.41912310503683314	0.32113848494743064	0.505279091657883	0.4568645527907681	0.4955463224801263	0.333093071551195	0.5206753780151461	0.522119076501204	0.33360715626097187	0.5544421340788876	0.455626523665789	0.5395655219737793	0.4853322823179286	0.5290894494123789	0.2837691375662982	0.2754250357220628	0.5141271250759312	0.28512456054157737	0.3347346756082595	0.30854908760429783	0.2679735993144465	0.4030402790009751	0.3658212077866735	0.366939825159907	0.4373295620956197	0.5705942855039761	0.31951965751443634	0.52394390686544	0.5083259014306218	0.5761634513242284	0.5249190575250664	0.4520683573016792	0.5744494665628773	0.4760731848768675	0.4065204131536975	0.4091891110046611	0.4302995593857835	0.4186020805704034	0.4065204131536975	0.4186020805704034	0.4298165532320491	0.41380406135173975	0.3644251594492969	0.5226991250953085	0.463214945155894	0.3870500824543448	0.3654328278963146	0.4509607824004568	0.4256609688068425	0.2685662497383493	0.2797520882422947	0.24110491908371584	0.1990115097332188	0.2488574739925953	0.2848562986226512	0.29296807894289484	0.2201215997133906
GraphST_dlpfc	0.6430536093702957	0.764401469644163	0.5011486137276128	0.0	0.495574275128038	0.6106102052155811	0.663349912434727	0.5367880307181268	0.6100632079348782	0.4675100313469995	0.7572445075392171	0.3441999708127072	0.46305432350006887	0.4396290024220352	0.6511727149197162	0.654526490024691	0.4418696918749072	0.6595832607357355	0.6289068489522397	0.6899192363898401	0.6359969356160866	0.5246337854849584	0.32932721110761326	0.305888819378299	0.49023111969339545	0.241874679344543	0.2960770066036425	0.27681354970886984	0.20659511358367577	0.35911293199994576	0.36037693830808853	0.3389131428580318	0.38740676748509045	0.633522795132441	0.3973078829378913	0.6614057554978349	0.4837157783160882	0.48068697311407993	0.6405397174056856	0.5818570218096534	0.4731449289866076	0.372393398927254	0.32393484224030117	0.4002463993309826	0.33253964883996767	0.327966329964673	0.32393484224030117	0.327966329964673	0.33555330796088007	0.5568537622844236	0.41395230666329774	0.545963927521416	0.5848023308193943	0.3402748044555656	0.47475849082612254	0.4134835874417948	0.5613746169295003	0.24872098963687733	0.2826822996061017	0.24018438277250082	0.1898739678058808	0.25960625714849456	0.2787134809753933	0.2493312709925822	0.2180739038756145
GraphST_1	0.4813090805720481	0.4566494305655725	0.6700484046175718	0.495574275128038	0.0	0.5019530834264934	0.4853026475278633	0.39177656307140685	0.4054275238370505	0.32000967916416945	0.4609842986148553	0.40035854879388866	0.464990919438161	0.3072823709891972	0.4757961894090833	0.47652572993189346	0.30720653728345954	0.5315665125475348	0.4238009178186614	0.5280690550951732	0.4636406910293337	0.527752343524462	0.2705905042438683	0.24892710869490758	0.490163374528344	0.3163505713142755	0.3501035008865174	0.31848476007654786	0.2938187616003728	0.3879663008393444	0.389846173923919	0.40818941617910104	0.4260221220951411	0.5481766784029477	0.294869583334578	0.49721916799738514	0.5133689977320576	0.5752644158050707	0.48614291835650947	0.4291081219239548	0.5747851488971	0.47600741607556474	0.3908411679777078	0.38649825690461004	0.40641538617202533	0.40765138925502303	0.3908411679777078	0.40765138925502303	0.40841845050148434	0.4163190434019282	0.40013554653831657	0.45134147285668463	0.49645457783075037	0.38695581608079926	0.3591289981221035	0.46241913208510166	0.45056791231448845	0.25884395491567314	0.2572173565407158	0.22214399732688425	0.1893984593099662	0.22691370327725646	0.25253549209094484	0.26347797728282163	0.21067684076886525
SEDR_default	0.5464374355776077	0.6133395793189468	0.5228333383573126	0.6106102052155811	0.5019530834264934	0.0	0.842252896402572	0.6844813355844078	0.772804283344361	0.5260485398199183	0.6614841564370101	0.3540991115522083	0.4451967136412001	0.4906053192443524	0.6132107489498245	0.6152244424320403	0.4916665294038647	0.6397260063123287	0.5539070667411455	0.7080546146660297	0.6537535728356126	0.5674411864067451	0.3116624525061512	0.29908981180535515	0.5313220222788657	0.2434574996784267	0.2712798802648081	0.25363863118002716	0.20782104352571712	0.3231424437504418	0.35356043011376675	0.36911188637152986	0.35730447417186495	0.6755819339712329	0.42833399282999285	0.6605329379506639	0.4719825380188511	0.5876601528676697	0.6369597669582476	0.6683638491898682	0.5773270586168845	0.4326492078240095	0.4099124464916804	0.46904557329063973	0.398976256052135	0.41745194895532056	0.4099124464916804	0.41745194895532056	0.4003818191325315	0.5313536827173454	0.42547336831827326	0.5443176644140897	0.6637482005534951	0.3843628606580125	0.4708900155671097	0.43096557256910994	0.5696095488675803	0.2625346432065749	0.2940814837670765	0.24750140039851073	0.20999296317872562	0.27103692849087196	0.2881949581131089	0.29597262739468816	0.22277080393072804
SEDR_2	0.5785444605487695	0.6499561523828923	0.4980806609074296	0.663349912434727	0.4853026475278633	0.842252896402572	0.0	0.7124606078417249	0.7552754872478067	0.5667228226570165	0.6983232082896839	0.3532217553919733	0.4631775559773283	0.5182991393099368	0.6453049806159832	0.6469362386984545	0.5202106213459573	0.6777523797863312	0.6062011402602164	0.7531290943732634	0.6886796938236617	0.5695087453918931	0.32462106816718955	0.3106569934933675	0.5293935943600168	0.24728796389084412	0.26983811397364676	0.2518712839581963	0.2118830872031733	0.3228621778323264	0.3596619048564379	0.37004743016707514	0.3512411101751241	0.7057728044536288	0.45876159193872484	0.6989135404025517	0.46347297558353623	0.5969632955027392	0.6610271416617323	0.7028607522857281	0.5880136901438974	0.41237398062883157	0.38759265235762236	0.45006319924306043	0.3789537926930624	0.39103249187445444	0.38759265235762236	0.39103249187445444	0.38101364796851867	0.5750875381403837	0.43276410524578995	0.5789130209262638	0.6673645161832057	0.35711371568911165	0.491524728449429	0.4123240012908696	0.5678116798094933	0.2589592621491514	0.293554933852989	0.2427892930640831	0.20484696841050767	0.2663792436802655	0.2804692577126844	0.27694873720683777	0.21808847048211755
SEDR_dlpfc	0.46739665770144934	0.5178201668985911	0.39113312755427326	0.5367880307181268	0.39177656307140685	0.6844813355844078	0.7124606078417249	0.0	0.6736702379656161	0.520999029886162	0.5522918317215895	0.3031222119366172	0.365893210773471	0.47466241937585685	0.5186965121714695	0.5198665467759834	0.47417845243190676	0.5235866339791847	0.4919464771589914	0.6122634790205589	0.651260587298944	0.43927206087597526	0.33358820494199315	0.31019848380384557	0.4141853738630991	0.25559165951394713	0.21388800931592022	0.2030803248243343	0.21965145350876925	0.32847217505633136	0.2761645835397678	0.3226893137443821	0.3537609128246836	0.5377374514228915	0.4649400659460449	0.5780888620612201	0.48234039572860765	0.5581543824295653	0.5616489299488805	0.6592747811916763	0.5546483924454944	0.33874577016609053	0.32568360948959024	0.3673558382512137	0.3174791423420851	0.3314507734891479	0.32568360948959024	0.3314507734891479	0.3198548361213695	0.45374452314878716	0.5012614772612274	0.47885874812878854	0.6296704982848251	0.301308578950474	0.4947606853140759	0.34464381192808907	0.48895634459411275	0.2301117006354505	0.2541461715795863	0.23026212482182096	0.2146070748456745	0.23224581888125653	0.22744729283620047	0.22458233891723597	0.1906946760179078
SEDR_1	0.5672756316963796	0.6212934729119278	0.41912310503683314	0.6100632079348782	0.4054275238370505	0.772804283344361	0.7552754872478067	0.6736702379656161	0.0	0.5035661581742464	0.6288398793722425	0.2984320686534555	0.39240456235682325	0.4523305968243569	0.5819104491381701	0.5812825337775077	0.45297498807519054	0.5366000825933616	0.5160691085155005	0.6149881839824577	0.6150557650625659	0.4806669306574095	0.28244879706651144	0.26644670897081796	0.44863259168758857	0.2130693130664769	0.19955033188278568	0.180870864189205	0.17887046848378313	0.3388932995899845	0.2627016394482652	0.2671131609594716	0.3592130180304483	0.573630225412441	0.4017081199744426	0.6267722099985379	0.46450363063420474	0.5622008745809284	0.6347605602268482	0.6340411480530362	0.5543183821293346	0.3330118465489854	0.3120424982514683	0.3643620960735255	0.2968372213565514	0.3197589102700927	0.3120424982514683	0.3197589102700927	0.2983259483316167	0.47758260607140657	0.4170719096060209	0.47753855748986895	0.6161907239678615	0.3072595662386515	0.4127221622621779	0.3475553553956688	0.47911896950097344	0.19867905820602913	0.23797533754133304	0.21020297974170551	0.20321317494727353	0.2272673917207102	0.2304086893301058	0.20302531662890969	0.18367000801301372
STAGATE_starmap	0.3818434853309773	0.44874324752538575	0.32113848494743064	0.4675100313469995	0.32000967916416945	0.5260485398199183	0.5667228226570165	0.520999029886162	0.5035661581742464	0.0	0.4672900232294634	0.3180311873652471	0.3943747950692127	0.7355578293000476	0.5488092190872462	0.5484257093213156	0.7374832480894177	0.4883353267348032	0.5030589306991756	0.5030127941539283	0.4991189611336255	0.4150397005413272	0.3670454163922574	0.33920963932649467	0.38034625162935326	0.3390506658380476	0.33027595879887894	0.29942173235613645	0.32005809221997944	0.4120787465081115	0.42696840086408616	0.43566234249970603	0.4197850209222924	0.48697761105894793	0.6646455981155478	0.46583982867679824	0.3621566391075269	0.42897711946027073	0.4483322714452787	0.5241688389700813	0.42126900066276207	0.3130317599062491	0.2846240076805598	0.3492653448436816	0.28317227180991467	0.2808457774194861	0.2846240076805598	0.2808457774194861	0.28725263701540005	0.5934057942494061	0.6168772738746006	0.48917679304047756	0.5568715911243035	0.329470630329576	0.3752657961676712	0.35703179656700534	0.4593216164365177	0.2781142651901585	0.30069857771989245	0.2883687102412688	0.28103771291675556	0.28512000582976554	0.2839958297157738	0.2707950386000298	0.2643653068932611
STAGATE_default	0.5977873139939411	0.7682032726680277	0.505279091657883	0.7572445075392171	0.4609842986148553	0.6614841564370101	0.6983232082896839	0.5522918317215895	0.6288398793722425	0.4672900232294634	0.0	0.354911965602955	0.4765026370658781	0.44862243751462516	0.6443512549131615	0.6453434038977528	0.4494745032456037	0.6682522106766303	0.6131621574510102	0.6802083274917808	0.6180166359971087	0.5427995727772459	0.3256376101814717	0.3069061011998795	0.5057243481109857	0.22596906961793128	0.2855946152747566	0.26931651881944013	0.1930107005585016	0.3369859858245188	0.35584721808845127	0.3367266460592852	0.36439094046491566	0.6602562898845368	0.40442395358845346	0.6362099754616997	0.5072596818780855	0.490809770396843	0.6258297660204291	0.5832941520016944	0.48375063899997495	0.3821471161902789	0.3360555257700087	0.41998230554982446	0.3470396827400945	0.3362483116269446	0.3360555257700087	0.3362483116269446	0.3493509382122477	0.5553924285832935	0.39601364134016787	0.5610699546147594	0.5579097872162171	0.3587547270825004	0.4788236860003071	0.43233059833591514	0.5827448322975785	0.25126650649187726	0.29047005064642545	0.24024429738107533	0.18801005544165492	0.2658053648357395	0.2893052082741032	0.26575965621973974	0.21654140252255477
STAGATE_slide_stereo	0.35216832975782936	0.3584766147323258	0.4568645527907681	0.3441999708127072	0.40035854879388866	0.3540991115522083	0.3532217553919733	0.3031222119366172	0.2984320686534555	0.3180311873652471	0.354911965602955	0.0	0.4362435533617006	0.3563749121178489	0.40066802083574693	0.40265475434406806	0.35507361618441596	0.41288824821480447	0.3836273571224847	0.3844867225511274	0.38599147636243314	0.4170904424771729	0.24607887574509682	0.25205979466980954	0.43330837239779635	0.33506162899369984	0.3134066830635295	0.30830954937199634	0.3296145061773778	0.33946420763857316	0.323259168579433	0.3246211872515863	0.35972932024272086	0.4033854982507458	0.3743483923654163	0.39453747869645567	0.3647358755285032	0.41529984643189766	0.3947859399592062	0.36443083271812465	0.41602721431137885	0.4713029567850893	0.43562432628303766	0.41683184505847976	0.458579524151464	0.4311657967242881	0.43562432628303766	0.4311657967242881	0.4551777061099303	0.36773322015637977	0.33102685133046755	0.3983102402465769	0.3348599227930645	0.3263245057553484	0.309231127912335	0.30636164889395573	0.33303439823524184	0.28488301515130254	0.314989089950378	0.28589690771567794	0.22536369703003245	0.2973863496051881	0.3033702345524768	0.2967127666227381	0.2775378647160987
STAGATE_1	0.4834318390787433	0.45777903691289284	0.4955463224801263	0.46305432350006887	0.464990919438161	0.4451967136412001	0.4631775559773283	0.365893210773471	0.39240456235682325	0.3943747950692127	0.4765026370658781	0.4362435533617006	0.0	0.40788485250326106	0.5322575353350038	0.5350467837099074	0.4080763779723012	0.5100399830231274	0.49780207193315934	0.4875131896793989	0.4439869763513438	0.5520232342370982	0.2895740471147373	0.2703113415479591	0.5185633597090064	0.3641678530553403	0.3662855829592599	0.38070858519688017	0.35393739948561753	0.46662199365987794	0.43942733125177263	0.48932597483729495	0.5256659981764823	0.5156735695860206	0.418242239797523	0.4834637696302466	0.3405063108344813	0.3869871057473927	0.46950216150818375	0.4225677192522701	0.38499432326393374	0.42650359254484477	0.4395557043464888	0.4189951160053979	0.4226257650891193	0.4443418950719302	0.4395557043464888	0.4443418950719302	0.42555261702611813	0.5532939014413639	0.419956209551558	0.5407579033582262	0.4157295206831598	0.45630682825059565	0.39865631686251374	0.4499259394538246	0.45615008913006844	0.31357222613808544	0.3009402600950761	0.2944722763788304	0.24422860591626677	0.29029519207811105	0.3053403869312594	0.29654779806996573	0.28062935822611823
BayesSpace_default	0.37117768971923293	0.43613156793745383	0.333093071551195	0.4396290024220352	0.3072823709891972	0.4906053192443524	0.5182991393099368	0.47466241937585685	0.4523305968243569	0.7355578293000476	0.44862243751462516	0.3563749121178489	0.40788485250326106	0.0	0.5348135119466203	0.5352340229269622	0.9931903592645891	0.49798335780428404	0.5084042385050591	0.49835256986977056	0.5081757274915637	0.43138828340020513	0.37290084215616887	0.3572784072442842	0.40509618937256564	0.35960409597048604	0.3110388719206862	0.27629883932625565	0.3371200184111777	0.36969840747986654	0.39388025804486665	0.406010074757553	0.388550956441229	0.5021820643117336	0.6918407486900137	0.49743792590751473	0.3612292885226663	0.4632788247464067	0.4490069704927157	0.5375706125538858	0.4532007461292683	0.33871028877914094	0.31239626561927997	0.36832964060950135	0.3091448339008355	0.3077110750861242	0.31239626561927997	0.3077110750861242	0.3143937496734709	0.5644899614577752	0.5785586831308703	0.4832454408345863	0.4743392962329785	0.3181567317299232	0.34688716889782106	0.33466179125909534	0.42458475995126344	0.28112209743206645	0.30526898057051405	0.2971938284824825	0.3041196829077454	0.29456313220017316	0.2888948246583334	0.28619032593143556	0.26311286845505893
BayesSpace_melanoma	0.5271316672132725	0.6563402963815208	0.5206753780151461	0.6511727149197162	0.4757961894090833	0.6132107489498245	0.6453049806159832	0.5186965121714695	0.5819104491381701	0.5488092190872462	0.6443512549131615	0.40066802083574693	0.5322575353350038	0.5348135119466203	0.0	0.995139332485201	0.5366395579977966	0.6985089661517522	0.6844973647864894	0.6852405147839302	0.6365760719576439	0.5767738494374581	0.36594415506580913	0.3441278108065925	0.5428708086625856	0.28344064756235837	0.3562770679612167	0.3397106262777749	0.25775475989014457	0.4183659834611287	0.4348543904890651	0.42542233537563007	0.466933490520597	0.7086126209445756	0.4749503492555461	0.7193769653753913	0.4305416743250866	0.503257139741899	0.7019953994482165	0.5929561061139097	0.49619139114298216	0.3898116252771513	0.34432593677663725	0.4230260632167652	0.35867048565147863	0.33690440943246097	0.34432593677663725	0.33690440943246097	0.35925262059029306	0.6600582357050686	0.5222960074474163	0.62500460387472	0.6308829342724672	0.43771791229460305	0.44161693990962164	0.452352752229689	0.5648137285933204	0.2934291122112398	0.33431469205768183	0.2814858407084142	0.21746863741425335	0.3084227457532622	0.3284207610259241	0.2954089512729162	0.2577035310294772
BayesSpace_1	0.5264273516145561	0.6556868872503383	0.522119076501204	0.654526490024691	0.47652572993189346	0.6152244424320403	0.6469362386984545	0.5198665467759834	0.5812825337775077	0.5484257093213156	0.6453434038977528	0.40265475434406806	0.5350467837099074	0.5352340229269622	0.995139332485201	0.0	0.5370651408542155	0.7021208652630015	0.6882778439694079	0.6886332627620044	0.6381994158949221	0.5785380689233344	0.3671258172883965	0.3444895271700843	0.5446070142593109	0.28338588304650353	0.356819914431385	0.3406362558874395	0.2571517602701526	0.4189111330063901	0.4358857982548211	0.426493281606377	0.468864102371123	0.7115547971347477	0.47514830223102744	0.7226413816449017	0.4303038496615285	0.5026451428923285	0.7057662203846528	0.5948869463912926	0.49558396791863957	0.3910479993587782	0.3459418096836003	0.42440715343014007	0.3602802439263979	0.3383865481416796	0.3459418096836003	0.3383865481416796	0.3605635469934377	0.661390666273355	0.5237859682884493	0.6276843317511768	0.6310405814646087	0.4388460392193554	0.4438189321945954	0.453134868001396	0.5662489060703174	0.2941365937583714	0.3354397683030968	0.2820974340591944	0.21802346093319175	0.30976825274872394	0.32993933564598393	0.29689239941359263	0.2579974304826544
BayesSpace_scc	0.3720140619233916	0.4375970348569976	0.33360715626097187	0.4418696918749072	0.30720653728345954	0.4916665294038647	0.5202106213459573	0.47417845243190676	0.45297498807519054	0.7374832480894177	0.4494745032456037	0.35507361618441596	0.4080763779723012	0.9931903592645891	0.5366395579977966	0.5370651408542155	0.0	0.4996963039412749	0.510322582589541	0.5004139208255391	0.5082207659338587	0.43112552820623323	0.37200083776149206	0.3564602610695659	0.4051463938535247	0.3604753618250134	0.3120706950569912	0.27624803150086075	0.33750747589026103	0.3709425605800342	0.3947122370143181	0.4069414951464472	0.38917223543803536	0.5040445261874733	0.6918450488760715	0.49798035610601177	0.3619757190376527	0.4628176145407782	0.4501592521074466	0.5376531809422183	0.45271648201554576	0.33903022075514433	0.31169709709475757	0.3682558503865885	0.30825365505129393	0.3070043677558067	0.31169709709475757	0.3070043677558067	0.313523264481522	0.5658597478318853	0.5790852817955294	0.4843122077959444	0.47549822487566024	0.31775330149722786	0.3482564285976313	0.3365378856317883	0.42597826468047206	0.28098786603766024	0.30581270441962266	0.29738846179843187	0.3031869901728568	0.2947480821956012	0.2894537906437189	0.2870124578466288	0.2631833445025014
bass_starmap	0.5401069607281975	0.6682861913970791	0.5544421340788876	0.6595832607357355	0.5315665125475348	0.6397260063123287	0.6777523797863312	0.5235866339791847	0.5366000825933616	0.4883353267348032	0.6682522106766303	0.41288824821480447	0.5100399830231274	0.49798335780428404	0.6985089661517522	0.7021208652630015	0.4996963039412749	0.0	0.7920707711716903	0.8320252158679243	0.7487978285698466	0.606374067313947	0.4286915499457557	0.4065724356003851	0.5728033796784243	0.30509896831654004	0.3374967486547844	0.3250537250121072	0.2672217724343887	0.4019345528299117	0.42423000815370915	0.44826683683344304	0.4173457854564214	0.8164993384778295	0.5112856617421928	0.7111235231728721	0.45411157156837806	0.5338367912171196	0.6391419001078757	0.6379344414827999	0.5283635357419392	0.48458591853770316	0.4328905325642888	0.5196997306753862	0.4581926274938304	0.4282801548863558	0.4328905325642888	0.4282801548863558	0.4562822717541997	0.5770665713356414	0.40659176579284284	0.6462478148762633	0.548172816684901	0.38651921369987324	0.5409683340180312	0.44252837825688657	0.5957178583975714	0.28845078549079745	0.3175244706919472	0.2605132824366555	0.20801284638159928	0.28076000643927	0.3084819259042744	0.3144377812191966	0.23379790442964613
bass_default	0.5088858079001839	0.6299624430343707	0.455626523665789	0.6289068489522397	0.4238009178186614	0.5539070667411455	0.6062011402602164	0.4919464771589914	0.5160691085155005	0.5030589306991756	0.6131621574510102	0.3836273571224847	0.49780207193315934	0.5084042385050591	0.6844973647864894	0.6882778439694079	0.510322582589541	0.7920707711716903	0.0	0.7199186515530166	0.6635929191640058	0.5480322037260338	0.4552909022683176	0.41916780457166597	0.5140834874232332	0.29443358317400226	0.3331657669391308	0.32435907981046974	0.24661155203378116	0.4121534587745932	0.398220547383334	0.418831309823781	0.44800738540819696	0.7104055305694631	0.4930270666373121	0.6796940105815864	0.38375563899100096	0.4578921028562431	0.6275350556961737	0.5685545642495363	0.45353536634376385	0.399302335234375	0.3579871128729837	0.44015633714321983	0.3749017437174426	0.3506584913495327	0.3579871128729837	0.3506584913495327	0.3736714802308773	0.5995008293538849	0.46359026877297244	0.6715087820540246	0.5024207917971417	0.36000343335366847	0.4848184040162687	0.4190164329283671	0.5549654504695111	0.27911090347903167	0.3114541186137757	0.26207907856740426	0.20145027632024506	0.28319202798559895	0.3054878057327679	0.2819119000378872	0.24137652143515348
bass_dlpfc	0.5647541391224362	0.6679194936863112	0.5395655219737793	0.6899192363898401	0.5280690550951732	0.7080546146660297	0.7531290943732634	0.6122634790205589	0.6149881839824577	0.5030127941539283	0.6802083274917808	0.3844867225511274	0.4875131896793989	0.49835256986977056	0.6852405147839302	0.6886332627620044	0.5004139208255391	0.8320252158679243	0.7199186515530166	0.0	0.8491689564831973	0.5687586655687437	0.4083786428235771	0.38608408062072114	0.5412001076891582	0.2821522599024379	0.30859052595242065	0.289743753426434	0.24564778690615274	0.3583531137288497	0.4050386401755462	0.4206772876021798	0.37647050805326143	0.7708088184782996	0.512025894452953	0.7822866784077893	0.4681415020415632	0.5931309638795726	0.6960850145459372	0.6928838826811774	0.5889138373753676	0.4755010990382164	0.44082105359077345	0.502743529828032	0.441395253532321	0.4425371220519059	0.44082105359077345	0.4425371220519059	0.4468737263369055	0.5623401474151596	0.4232266610060839	0.6175134218005868	0.608702775563609	0.369275971354186	0.5274546619773316	0.41574916201347456	0.574055431494983	0.28601243926487574	0.31556913219396715	0.26225340868455105	0.21552072293608676	0.28478485479800747	0.3023768720463694	0.3107466672626832	0.2333298758074543
bass_1	0.5390906716886997	0.6289032332739212	0.4853322823179286	0.6359969356160866	0.4636406910293337	0.6537535728356126	0.6886796938236617	0.651260587298944	0.6150557650625659	0.4991189611336255	0.6180166359971087	0.38599147636243314	0.4439869763513438	0.5081757274915637	0.6365760719576439	0.6381994158949221	0.5082207659338587	0.7487978285698466	0.6635929191640058	0.8491689564831973	0.0	0.5100911389160702	0.4303382667161855	0.4077711456862002	0.4887599895345212	0.292252620976489	0.26209522153822834	0.24277902672433724	0.25889182814108147	0.3887593612457339	0.3269896315974088	0.3484822922487372	0.4197852938512934	0.6876525918760548	0.5602715681943918	0.7289454085469447	0.4990947682641343	0.6258825775348409	0.6677204460086539	0.7390697336677279	0.6260189909393444	0.4273393685418056	0.39368293163844864	0.4468019191291601	0.39660449178767737	0.3979035375901451	0.39368293163844864	0.3979035375901451	0.40153599407262947	0.4884829613270991	0.4610036282498576	0.5587364394009037	0.6475135374778656	0.31730098590174294	0.4883537372801123	0.34239186673408917	0.4834796816751454	0.24988963335466	0.26662566889672507	0.2480022632439407	0.22296280825800033	0.24354592593380148	0.2509220533735328	0.25015381735875813	0.21612304114480932
spaGCN_default	0.5250345168114194	0.520274950894849	0.5290894494123789	0.5246337854849584	0.527752343524462	0.5674411864067451	0.5695087453918931	0.43927206087597526	0.4806669306574095	0.4150397005413272	0.5427995727772459	0.4170904424771729	0.5520232342370982	0.43138828340020513	0.5767738494374581	0.5785380689233344	0.43112552820623323	0.606374067313947	0.5480322037260338	0.5687586655687437	0.5100911389160702	0.0	0.35714589546233727	0.3356615158529926	0.8691906532331318	0.3411376025625733	0.32319589333211945	0.326074150760979	0.30375231488283005	0.39118777206419253	0.4099463033063161	0.4596097112909724	0.4696003142604023	0.5911071950238077	0.3684068097033065	0.5455158297130801	0.3679280227858944	0.43502606622988743	0.5120494114330573	0.4976233424946613	0.43179023869685396	0.42758901304178504	0.42435151412735583	0.4664045138199909	0.4020445186779061	0.42134599348380786	0.42435151412735583	0.42134599348380786	0.4038430540287431	0.5587665133197738	0.40203508529597015	0.5139469504912942	0.5174669661716055	0.37199231074361544	0.41380844502134784	0.46860697198457424	0.5316509873229035	0.28743484000067865	0.28997986065554543	0.2482837630485985	0.19427710024471564	0.268120963925807	0.28107630861328897	0.2782501307519572	0.24467575062814606
spaGCN_2	0.27389721869488276	0.32764917015609396	0.2837691375662982	0.32932721110761326	0.2705905042438683	0.3116624525061512	0.32462106816718955	0.33358820494199315	0.28244879706651144	0.3670454163922574	0.3256376101814717	0.24607887574509682	0.2895740471147373	0.37290084215616887	0.36594415506580913	0.3671258172883965	0.37200083776149206	0.4286915499457557	0.4552909022683176	0.4083786428235771	0.4303382667161855	0.35714589546233727	0.0	0.8048568655192583	0.33650571721728184	0.2941519302607609	0.2667799756313546	0.2723127048259363	0.26127794738681215	0.28781665383848914	0.2748673298819047	0.30029482644954175	0.3110717022008315	0.39997247311229894	0.42518217592113056	0.37707350687943475	0.25107574177049863	0.29099888927545225	0.3478107495204401	0.3791072966211938	0.29429090336737285	0.233381499912092	0.24154080589024027	0.2598371139569752	0.24668206619099423	0.23286039691828633	0.24154080589024027	0.23286039691828633	0.24506403660696574	0.3392570376272685	0.3640069469890458	0.3815585533999655	0.350391380593981	0.24254834581995371	0.3013535904488789	0.2771522552610524	0.33484364575127007	0.2136416311797176	0.20099549223915975	0.2036239143761921	0.18258941738167542	0.1847879332126009	0.1899925071194382	0.19480753423818112	0.1996780175762084
spaGCN_3	0.25340074976473603	0.31037982310235973	0.2754250357220628	0.305888819378299	0.24892710869490758	0.29908981180535515	0.3106569934933675	0.31019848380384557	0.26644670897081796	0.33920963932649467	0.3069061011998795	0.25205979466980954	0.2703113415479591	0.3572784072442842	0.3441278108065925	0.3444895271700843	0.3564602610695659	0.4065724356003851	0.41916780457166597	0.38608408062072114	0.4077711456862002	0.3356615158529926	0.8048568655192583	0.0	0.34065335728017215	0.28745728891321987	0.24547249836725205	0.2486965074159639	0.2514200657117582	0.26893978444308003	0.2497134348086463	0.27458744425622567	0.28675965741071674	0.3802577251067785	0.4008687584428085	0.36270725739816007	0.23895285127392296	0.28659915233003563	0.33381146760772745	0.3661156407201554	0.29119865542094864	0.23036175501580058	0.2436624983962339	0.2603544209319299	0.247876629596648	0.23424982091449115	0.2436624983962339	0.23424982091449115	0.2457190967621441	0.31049298296481687	0.3271652418947588	0.35207752419184835	0.3227734937896029	0.22307585988130882	0.2796604115419021	0.25097536212180477	0.3040915576485458	0.2114553051432966	0.1987024703082862	0.201815408496169	0.1803869550728182	0.18182564196256934	0.1874879952424713	0.19514467199825367	0.19799948378114457
spaGCN_1	0.49270451964435297	0.49572819843593857	0.5141271250759312	0.49023111969339545	0.490163374528344	0.5313220222788657	0.5293935943600168	0.4141853738630991	0.44863259168758857	0.38034625162935326	0.5057243481109857	0.43330837239779635	0.5185633597090064	0.40509618937256564	0.5428708086625856	0.5446070142593109	0.4051463938535247	0.5728033796784243	0.5140834874232332	0.5412001076891582	0.4887599895345212	0.8691906532331318	0.33650571721728184	0.34065335728017215	0.0	0.33310734149785526	0.3091367275473383	0.31869270994267024	0.29761418231616965	0.37682726325766364	0.3873283769352873	0.4310804176467388	0.4403629835677494	0.561864358508137	0.357493850430884	0.531797693742111	0.360861131398054	0.4257965773293056	0.4969221666316678	0.47865410619031207	0.4247882345664244	0.4217965096830656	0.4274392724592051	0.46205242165412186	0.4017939849549801	0.4250085210469044	0.4274392724592051	0.4250085210469044	0.403245959257428	0.5118603538269535	0.3746442137700795	0.4847021386695796	0.47590061254905597	0.3541625206650509	0.3985537384312348	0.43446571170435505	0.4948374250819587	0.28522693059210746	0.2908228328415814	0.24734692145262058	0.19285409103753806	0.27166500707734514	0.283207699751651	0.28255133385374054	0.24401299357562886
stardust_default	0.254547010693988	0.22654370888678418	0.28512456054157737	0.241874679344543	0.3163505713142755	0.2434574996784267	0.24728796389084412	0.25559165951394713	0.2130693130664769	0.3390506658380476	0.22596906961793128	0.33506162899369984	0.3641678530553403	0.35960409597048604	0.28344064756235837	0.28338588304650353	0.3604753618250134	0.30509896831654004	0.29443358317400226	0.2821522599024379	0.292252620976489	0.3411376025625733	0.2941519302607609	0.28745728891321987	0.33310734149785526	0.0	0.4369603292880206	0.40771269319783154	0.7171566872382026	0.3343283327626824	0.38148795824944887	0.42175689504134034	0.3299435281984338	0.28419235918478386	0.38426143952397246	0.2644737624584928	0.26778123833664996	0.27439958820268834	0.26022018308788125	0.28832381229287946	0.27254158631325276	0.32838243459428507	0.3734602698471351	0.3283855528633279	0.3317352836143529	0.36039227774336335	0.3734602698471351	0.36039227774336335	0.33433176965911704	0.3252534683688833	0.3600369926187302	0.2957426228225663	0.30178806097596667	0.3140889159717396	0.3178667868591817	0.3220954898548564	0.3033390103371056	0.28512028162588754	0.25539345687051573	0.30159811533257236	0.32089522954963295	0.230460424574396	0.2303569113784382	0.24154262366539728	0.28352583825887495
stardust_tutorial	0.24923604548589637	0.2839842127885901	0.3347346756082595	0.2960770066036425	0.3501035008865174	0.2712798802648081	0.26983811397364676	0.21388800931592022	0.19955033188278568	0.33027595879887894	0.2855946152747566	0.3134066830635295	0.3662855829592599	0.3110388719206862	0.3562770679612167	0.356819914431385	0.3120706950569912	0.3374967486547844	0.3331657669391308	0.30859052595242065	0.26209522153822834	0.32319589333211945	0.2667799756313546	0.24547249836725205	0.3091367275473383	0.4369603292880206	0.0	0.7087386355580874	0.47922499779213473	0.3608810042979133	0.4638993915592806	0.426308880164317	0.3111004609615766	0.3346834094272145	0.3344351821411682	0.30407876926593497	0.24818043464950396	0.25167393602746757	0.295358371500668	0.23952903690336036	0.24949056485683815	0.33219311929461764	0.31023088757922684	0.30452641950150766	0.32289248363431516	0.3042982401139611	0.31023088757922684	0.3042982401139611	0.3243298926362515	0.3791567601828832	0.3475904602409718	0.3534446772950699	0.28206614643629785	0.5209407347923345	0.36344251571960484	0.3979204114604404	0.35985777140041486	0.3193674071561867	0.290825610648041	0.319423180238676	0.27508835109161556	0.28023631974814706	0.2944142839014604	0.2725547557183031	0.30245330481186883
stardust_2	0.2378400065994545	0.2653885508242202	0.30854908760429783	0.27681354970886984	0.31848476007654786	0.25363863118002716	0.2518712839581963	0.2030803248243343	0.180870864189205	0.29942173235613645	0.26931651881944013	0.30830954937199634	0.38070858519688017	0.27629883932625565	0.3397106262777749	0.3406362558874395	0.27624803150086075	0.3250537250121072	0.32435907981046974	0.289743753426434	0.24277902672433724	0.326074150760979	0.2723127048259363	0.2486965074159639	0.31869270994267024	0.40771269319783154	0.7087386355580874	0.0	0.48402313272298186	0.35000297831806215	0.4573676274783514	0.4533599778029279	0.31662538861296574	0.32420057538923297	0.30633676358075346	0.2850680334366265	0.21144854970829643	0.20854526339565901	0.27527141363626123	0.22126959927919473	0.20824484884364167	0.29939753844520756	0.3254870556949728	0.3008047666123082	0.3252153051692919	0.3189086977491719	0.3254870556949728	0.3189086977491719	0.32597390571657053	0.35872666506597845	0.321753366417005	0.3319747990345839	0.2660137431322202	0.5025644263786554	0.35427069652731935	0.4216830097703278	0.3639315298257387	0.30790839540666604	0.2799265276914345	0.3001667420278657	0.24177091132937792	0.27245547352153837	0.2836742930183047	0.26975780550452116	0.2960348226246867
stardust_1	0.21553065599270183	0.19443641947698656	0.2679735993144465	0.20659511358367577	0.2938187616003728	0.20782104352571712	0.2118830872031733	0.21965145350876925	0.17887046848378313	0.32005809221997944	0.1930107005585016	0.3296145061773778	0.35393739948561753	0.3371200184111777	0.25775475989014457	0.2571517602701526	0.33750747589026103	0.2672217724343887	0.24661155203378116	0.24564778690615274	0.25889182814108147	0.30375231488283005	0.26127794738681215	0.2514200657117582	0.29761418231616965	0.7171566872382026	0.47922499779213473	0.48402313272298186	0.0	0.32020812509992264	0.3663281079422382	0.38851362824934216	0.3033915742296094	0.2529841386804632	0.37105291587303135	0.23238028093025567	0.24134731916346658	0.2626518648399725	0.23123369361265997	0.26393569793333915	0.26244120929654574	0.30883753981156215	0.38141469666928635	0.2976896596351958	0.35695144323193456	0.373332723450645	0.38141469666928635	0.373332723450645	0.3572214643841455	0.299642084654012	0.32561342301158	0.26734426661373845	0.27335569255594194	0.3334322738409668	0.28944133078198503	0.3190064417580398	0.2697975998799781	0.2705031181732109	0.2311494764842413	0.282608813649829	0.31277155176381916	0.2133903232449684	0.2120406436362219	0.22059964691712144	0.2638599545116426
SpaceFlow_default	0.39099529572629643	0.36615082434713925	0.4030402790009751	0.35911293199994576	0.3879663008393444	0.3231424437504418	0.3228621778323264	0.32847217505633136	0.3388932995899845	0.4120787465081115	0.3369859858245188	0.33946420763857316	0.46662199365987794	0.36969840747986654	0.4183659834611287	0.4189111330063901	0.3709425605800342	0.4019345528299117	0.4121534587745932	0.3583531137288497	0.3887593612457339	0.39118777206419253	0.28781665383848914	0.26893978444308003	0.37682726325766364	0.3343283327626824	0.3608810042979133	0.35000297831806215	0.32020812509992264	0.0	0.420187542535401	0.3933454818516967	0.7555601265316688	0.3773728328584803	0.41582203493248837	0.36254654829658145	0.3473680814974577	0.355591404349066	0.37834024663946947	0.3696663243817112	0.35328764058427403	0.34447211562988533	0.3506322834261629	0.3612710695524257	0.3393977114347357	0.35253722891735145	0.3506322834261629	0.35253722891735145	0.3372128292167592	0.4122202583609903	0.4387142726628509	0.4371010723042649	0.3818631939160508	0.4207892126558704	0.3460055052958898	0.361135945631244	0.3498228932120959	0.263703553958445	0.2466459716704494	0.2721419549689453	0.27645933658124155	0.2328808326998084	0.2503150609813706	0.2485421035047313	0.26479600656011204
SpaceFlow_2	0.2998859354692462	0.33563448687030106	0.3658212077866735	0.36037693830808853	0.389846173923919	0.35356043011376675	0.3596619048564379	0.2761645835397678	0.2627016394482652	0.42696840086408616	0.35584721808845127	0.323259168579433	0.43942733125177263	0.39388025804486665	0.4348543904890651	0.4358857982548211	0.3947122370143181	0.42423000815370915	0.398220547383334	0.4050386401755462	0.3269896315974088	0.4099463033063161	0.2748673298819047	0.2497134348086463	0.3873283769352873	0.38148795824944887	0.4638993915592806	0.4573676274783514	0.3663281079422382	0.420187542535401	0.0	0.6700445390937498	0.39521149581136816	0.40790585874952684	0.4461948542694566	0.3623172279296505	0.2806267663833682	0.27790360752812643	0.33644638536829957	0.31591952953267943	0.2739964197597091	0.357193363258561	0.35524085118429893	0.3723886135448696	0.35297226981655033	0.3535588187472751	0.35524085118429893	0.3535588187472751	0.35617791494917805	0.4752663808204175	0.4157738375321647	0.42130761773677144	0.35513674610820367	0.45433212949130203	0.42770157371926104	0.4628447491886352	0.4309736080862556	0.33839016069748235	0.3309428410474547	0.34178165795423404	0.29044755502507535	0.32514823749755245	0.32785603171934113	0.34480264832304275	0.33660833904843845
