	label	spaGCN_4	spaGCN_7	spaGCN_14	spaGCN_13	scanpy_2	scanpy_3	scanpy_1	bass_5	bass_2	bass_3	bass_4	CellCharter_2	CellCharter_3	CellCharter_1	SEDR_5	SEDR_2	SEDR_3	SEDR_6	SEDR_1	SEDR_4	SpaceFlow_1	SpaceFlow_4	DRSC_4	seurat_2	seurat_3	seurat_1	seurat_4	BANKSY_2	BANKSY_4	STAGATE_12	STAGATE_11	STAGATE_3	STAGATE_10	STAGATE_1	STAGATE_13
label	0.0	0.41167840293044233	0.21589364895805863	0.29960667319510653	0.19032769997380267	0.14539376694602563	0.20694767251989832	0.18080548842360372	0.4345473584865149	0.4767883736968373	0.28834470873463586	0.35503283539139907	0.38791072679971533	0.3302501985552541	0.3482272825935947	0.3978090330421981	0.43438415025698074	0.4293727876705548	0.43405686952060213	0.302113665077794	0.30946980992576406	0.42096657666283754	0.45644604880112893	0.2154250664579725	0.20855524417603954	0.20795415375760065	0.22570958513671552	0.2261737965320411	0.22128680628336667	0.23707863421695774	0.316259148785919	0.42948732293854114	0.4007617828527638	0.6076595914542259	0.31139612308079795	0.33379561286395104
spaGCN_4	0.41167840293044233	0.0	0.48582443957058213	0.5385956319098307	0.38160775825923654	0.3111473136432824	0.31429360099911674	0.2907368086164542	0.5246433914906409	0.580894208468669	0.46837319919921766	0.49859132272505163	0.4832162047896094	0.40585635898981776	0.4522425259624704	0.5589626617874401	0.5840739525760252	0.5772282788826759	0.5997868302105258	0.4300690131405458	0.4530785451542264	0.4973081119312063	0.536961465620186	0.36360673821656675	0.29250663824367507	0.2915837807475943	0.30655165163428916	0.3058240781067471	0.41681861341830007	0.44141296517111706	0.4938862470795902	0.47734850900210907	0.3917406718364322	0.4389900321841246	0.4254458860125314	0.48460196088449925
spaGCN_7	0.21589364895805863	0.48582443957058213	0.0	0.35517992249121155	0.6715186781132578	0.6674416071456281	0.6209445105695246	0.6259398287534436	0.34491475913534314	0.3540498298441577	0.3989852056129125	0.334245662248341	0.2850544558904334	0.26218094044302287	0.2870968752193266	0.3866570928357711	0.3728430118953566	0.37006158029607295	0.39479216509847054	0.28121424893190916	0.29198522185187625	0.2845063564314014	0.3087436095404689	0.44876013777295864	0.5556004533619244	0.554679533101881	0.5295000489478341	0.5234475416084723	0.6491906908590519	0.6495976095623097	0.3012491854830162	0.29749419200814176	0.22935634588902776	0.26312454695256454	0.2773392106152964	0.2971690570679243
spaGCN_14	0.29960667319510653	0.5385956319098307	0.35517992249121155	0.0	0.3982838632370541	0.2624675377103827	0.25122646264206966	0.2548167754406808	0.39810053695944914	0.47294576641806546	0.42457996797863273	0.4346543239003666	0.39789483984727214	0.343362085526798	0.3618446832313495	0.44791555750993217	0.47491333720026824	0.4756967221538237	0.4740994176101445	0.38948562309379453	0.40325359880943396	0.4033100680749647	0.39713503077300455	0.3064181443622765	0.25014494822601174	0.24936503675810298	0.257433140957529	0.2559581761174174	0.3124901706272467	0.34517165804368166	0.44252100895946045	0.34989011190169184	0.2805019987597051	0.31934785087784956	0.3607073062939141	0.4092772768380843
spaGCN_13	0.19032769997380267	0.38160775825923654	0.6715186781132578	0.3982838632370541	0.0	0.5596934319247372	0.5391491794378229	0.5402662213151664	0.30634004422618183	0.3336673658846412	0.39790599358652234	0.3361491932029322	0.2733053776178849	0.2723501420441528	0.2884740919693777	0.3471492796724689	0.3627314299754509	0.3511708159366789	0.367644914706797	0.2894079489846061	0.308615016177457	0.26652408158657864	0.2637125926404001	0.4161365970650762	0.5087547427719045	0.5078776673885541	0.490147199225006	0.4812404312807229	0.5188688211913505	0.51941486242729	0.31722683078604363	0.25843297690685607	0.20533625480110113	0.2343097368125749	0.2833490911815198	0.3159029457868549
scanpy_2	0.14539376694602563	0.3111473136432824	0.6674416071456281	0.2624675377103827	0.5596934319247372	0.0	0.8148569424295504	0.8756100090058215	0.225511276548555	0.23644671864815933	0.31040585180687724	0.2345543812098685	0.21987706396156678	0.20646726914245678	0.2143420389098592	0.3286113007106733	0.3299732891260137	0.32823332025590407	0.3290991636783999	0.2146052870838405	0.23301852218953426	0.21534326009250288	0.2291216103250985	0.4819815227757447	0.7004944629701756	0.7013632557457457	0.6596514075622724	0.6488369733109597	0.7405797876007473	0.7476849273830611	0.2328951490964515	0.2154067534579047	0.17506476734197102	0.18484053059584166	0.21727595543200245	0.22857266007934635
scanpy_3	0.20694767251989832	0.31429360099911674	0.6209445105695246	0.25122646264206966	0.5391491794378229	0.8148569424295504	0.0	0.8587205751770183	0.26539338048746286	0.2794438455078194	0.33724646648105555	0.2587263398923768	0.23287593761460743	0.21713500868302457	0.24676253998569542	0.3423188348219534	0.3438675461558186	0.34387908659947786	0.34437307123352123	0.21849849566196494	0.23016518133981073	0.229180301051894	0.2443834927224849	0.4842189293859189	0.65192753023957	0.6522558362936194	0.6969930846860997	0.686876302494096	0.790876518535871	0.7406825933562348	0.2354234113005878	0.22804879455672944	0.18692916831482806	0.23553187303257794	0.22439926038733443	0.24013646524848817
scanpy_1	0.18080548842360372	0.2907368086164542	0.6259398287534436	0.2548167754406808	0.5402662213151664	0.8756100090058215	0.8587205751770183	0.0	0.22809093512466358	0.2409723904409328	0.29430499161041307	0.2213903354245069	0.19879785443348064	0.1846352492359842	0.20964302041181745	0.2988418267017307	0.29857408033316896	0.29760670836715264	0.297262862594792	0.19260200480720155	0.20922303965158928	0.19367869769827953	0.20780573981077943	0.4451820602293788	0.7575762072265486	0.7577362484798651	0.7164360834568874	0.7074287586296494	0.7282863521605452	0.7386563392238414	0.20848812742371156	0.1962055059109151	0.15931990794320802	0.20242660555723505	0.1911149951351149	0.20306584955878484
bass_5	0.4345473584865149	0.5246433914906409	0.34491475913534314	0.39810053695944914	0.30634004422618183	0.225511276548555	0.26539338048746286	0.22809093512466358	0.0	0.7915227972890224	0.6250776514382655	0.7664431049243648	0.5267562363918328	0.5603674294052353	0.5818416219297204	0.5271088292946654	0.5321209514372589	0.5565147306668992	0.5561185528918815	0.50930967436746	0.5073110644699274	0.5416907412077429	0.6037391147722413	0.35839497013518284	0.2229657743179884	0.22234980993314532	0.23719378499808239	0.24206836141031732	0.3396253010233616	0.3387990794053432	0.5338679085041479	0.6626072888521686	0.47137112932360425	0.5490466572579501	0.4959344968692837	0.5758929221538001
bass_2	0.4767883736968373	0.580894208468669	0.3540498298441577	0.47294576641806546	0.3336673658846412	0.23644671864815933	0.2794438455078194	0.2409723904409328	0.7915227972890224	0.0	0.6051895724365444	0.738204329749449	0.5752266838329104	0.5250571371713962	0.5579700414130239	0.5726136714944493	0.5883558038035133	0.6005318523158865	0.6098622758293855	0.46036872517011335	0.4648673862300459	0.5879286980728602	0.6436152979033447	0.38002457162246106	0.2378863494796664	0.2373163070811576	0.25221282685365803	0.2581007839319293	0.357043639170717	0.3765733795638791	0.48839389425133906	0.6167173241777063	0.4522297295510784	0.5191874312857575	0.4740181132085095	0.5130940109764206
bass_3	0.28834470873463586	0.46837319919921766	0.3989852056129125	0.42457996797863273	0.39790599358652234	0.31040585180687724	0.33724646648105555	0.29430499161041307	0.6250776514382655	0.6051895724365444	0.0	0.7489345055251887	0.42618361030293456	0.47424917250194254	0.4768303633980116	0.46331434545214834	0.46561420189669195	0.4806281475445866	0.5052051874759714	0.46630020820015444	0.4758074249058208	0.4572691762008416	0.4529113854232192	0.4458274860059306	0.2888448978499449	0.2881784443878024	0.3026137822090937	0.31063541114359283	0.4077231761620649	0.40261812775272743	0.5158876853851023	0.4882459390118582	0.3585087337007483	0.40049514503114514	0.4778744867779548	0.5438899005660647
bass_4	0.35503283539139907	0.49859132272505163	0.334245662248341	0.4346543239003666	0.3361491932029322	0.2345543812098685	0.2587263398923768	0.2213903354245069	0.7664431049243648	0.738204329749449	0.7489345055251887	0.0	0.5019516966435585	0.5596391059321867	0.5534463731285766	0.53135899664798	0.5330556175253625	0.55634460063469	0.5614828014754135	0.5376152636760119	0.5542096236712594	0.543528345000146	0.5431758149186567	0.3971031068805924	0.22508926925497097	0.2244306161078988	0.23911182979400958	0.24440771848590587	0.3282839696804287	0.32843594978073337	0.5953909023263071	0.5919558399746686	0.42588627068383306	0.4918115928537202	0.554441726845713	0.6348573249995152
CellCharter_2	0.38791072679971533	0.4832162047896094	0.2850544558904334	0.39789483984727214	0.2733053776178849	0.21987706396156678	0.23287593761460743	0.19879785443348064	0.5267562363918328	0.5752266838329104	0.42618361030293456	0.5019516966435585	0.0	0.6731899458554056	0.662377221495655	0.5576897663550934	0.5596515634249758	0.5876617596784385	0.5565105664821821	0.5344545790754375	0.5060558201785019	0.560790905533811	0.6157262837876085	0.3180998698164096	0.17264121912826427	0.17224888024690094	0.1873287715518784	0.18933318261586815	0.30633632478357165	0.32108602287410076	0.531980773839753	0.5740148341961787	0.4829049460809998	0.47331345521439344	0.5396675702965185	0.5614577226764177
CellCharter_3	0.3302501985552541	0.40585635898981776	0.26218094044302287	0.343362085526798	0.2723501420441528	0.20646726914245678	0.21713500868302457	0.1846352492359842	0.5603674294052353	0.5250571371713962	0.47424917250194254	0.5596391059321867	0.6731899458554056	0.0	0.683255671526979	0.48551624281488587	0.4855375616963663	0.5156029281061636	0.5047471375142509	0.5200950338431837	0.5118917624091444	0.5270812094420866	0.5614723015502717	0.3151433365586931	0.17119083447811304	0.17075965806409776	0.18721939263407236	0.18702013996435427	0.27268331930361966	0.2722204926386017	0.525809061597606	0.6120263924944493	0.5108817226568071	0.4967203195724212	0.5388563615370193	0.5859057491220074
CellCharter_1	0.3482272825935947	0.4522425259624704	0.2870968752193266	0.3618446832313495	0.2884740919693777	0.2143420389098592	0.24676253998569542	0.20964302041181745	0.5818416219297204	0.5579700414130239	0.4768303633980116	0.5534463731285766	0.662377221495655	0.683255671526979	0.0	0.4828181465839564	0.519057604933667	0.536260778617282	0.5142619066056023	0.5266382160556214	0.5253730383510827	0.45738516030322834	0.5123482433182414	0.3309608443657615	0.20010312062210375	0.19945939163534948	0.2182396624752075	0.2179968718011312	0.29305652995592696	0.29006706092104717	0.5407822094995258	0.5649240595489877	0.46005538898361165	0.4661566544179564	0.5316568758505494	0.5764056666842164
SEDR_5	0.3978090330421981	0.5589626617874401	0.3866570928357711	0.44791555750993217	0.3471492796724689	0.3286113007106733	0.3423188348219534	0.2988418267017307	0.5271088292946654	0.5726136714944493	0.46331434545214834	0.53135899664798	0.5576897663550934	0.48551624281488587	0.4828181465839564	0.0	0.7095681020974244	0.7761544321549096	0.8508894589555928	0.5091971481533532	0.49190105645133	0.5742387904062982	0.6058892514708727	0.39881439765660404	0.27193305156198555	0.271343779520886	0.29596801954373103	0.2936683490743379	0.45421860175452394	0.47303106217546614	0.5123824721946767	0.5390736967417439	0.44101815072303385	0.5015976067856713	0.505320816307242	0.555748724308438
SEDR_2	0.43438415025698074	0.5840739525760252	0.3728430118953566	0.47491333720026824	0.3627314299754509	0.3299732891260137	0.3438675461558186	0.29857408033316896	0.5321209514372589	0.5883558038035133	0.46561420189669195	0.5330556175253625	0.5596515634249758	0.4855375616963663	0.519057604933667	0.7095681020974244	0.0	0.8014945532846479	0.7083429309347261	0.46842166600894647	0.5174710761237494	0.5360363689928344	0.5783478898480227	0.39868163037018306	0.2655963424072618	0.26489740992702915	0.2884434749150133	0.28689402076679466	0.4266439071672708	0.446460894365616	0.529381500896763	0.5134730868120334	0.41859784062395133	0.46358191957361256	0.5072096000871069	0.546536305052135
SEDR_3	0.4293727876705548	0.5772282788826759	0.37006158029607295	0.4756967221538237	0.3511708159366789	0.32823332025590407	0.34387908659947786	0.29760670836715264	0.5565147306668992	0.6005318523158865	0.4806281475445866	0.55634460063469	0.5876617596784385	0.5156029281061636	0.536260778617282	0.7761544321549096	0.8014945532846479	0.0	0.790639096584133	0.5011426531132203	0.5096906019985308	0.6023032829983976	0.6441481476100234	0.38608842538982624	0.25918849533893845	0.25860052047385174	0.28149065121966665	0.2796714016421641	0.4179700295811307	0.43569399986510804	0.545547375705173	0.5660349186937286	0.4723127816230693	0.5250003646573378	0.5205807837295371	0.5880323869318762
SEDR_6	0.43405686952060213	0.5997868302105258	0.39479216509847054	0.4740994176101445	0.367644914706797	0.3290991636783999	0.34437307123352123	0.297262862594792	0.5561185528918815	0.6098622758293855	0.5052051874759714	0.5614828014754135	0.5565105664821821	0.5047471375142509	0.5142619066056023	0.8508894589555928	0.7083429309347261	0.790639096584133	0.0	0.5123926309442025	0.5291920471241938	0.5937644546130071	0.6210079305261953	0.40602971768524493	0.2828370984510124	0.2822467685765918	0.30842176106624547	0.3057523451416971	0.4561837637896115	0.4719734408064504	0.5488846914584835	0.5597357391455781	0.4773718144011764	0.5206588950522678	0.5208527854783749	0.5914444525381796
SEDR_1	0.302113665077794	0.4300690131405458	0.28121424893190916	0.38948562309379453	0.2894079489846061	0.2146052870838405	0.21849849566196494	0.19260200480720155	0.50930967436746	0.46036872517011335	0.46630020820015444	0.5376152636760119	0.5344545790754375	0.5200950338431837	0.5266382160556214	0.5091971481533532	0.46842166600894647	0.5011426531132203	0.5123926309442025	0.0	0.7600163850602086	0.4781205647404664	0.4939178827857392	0.2779647488560107	0.16604096464596746	0.16555679020052141	0.18268985188032064	0.18141415546498565	0.28259873016657	0.2796062651232699	0.6785916244805461	0.517906785431625	0.4145162746134226	0.44025476145601256	0.5863233884954415	0.6501153694893558
SEDR_4	0.30946980992576406	0.4530785451542264	0.29198522185187625	0.40325359880943396	0.308615016177457	0.23301852218953426	0.23016518133981073	0.20922303965158928	0.5073110644699274	0.4648673862300459	0.4758074249058208	0.5542096236712594	0.5060558201785019	0.5118917624091444	0.5253730383510827	0.49190105645133	0.5174710761237494	0.5096906019985308	0.5291920471241938	0.7600163850602086	0.0	0.44980197317049203	0.4623026015936999	0.28602687328333354	0.18624084249846617	0.1856309452720213	0.20449212608178735	0.20179613896779627	0.28619356358484227	0.2828955343563142	0.683868191445918	0.49307329057069826	0.4039824313075312	0.4207819836835287	0.5756456002491734	0.6597804124900887
SpaceFlow_1	0.42096657666283754	0.4973081119312063	0.2845063564314014	0.4033100680749647	0.26652408158657864	0.21534326009250288	0.229180301051894	0.19367869769827953	0.5416907412077429	0.5879286980728602	0.4572691762008416	0.543528345000146	0.560790905533811	0.5270812094420866	0.45738516030322834	0.5742387904062982	0.5360363689928344	0.6023032829983976	0.5937644546130071	0.4781205647404664	0.44980197317049203	0.0	0.8740650324575141	0.3261652239678919	0.1747231831980881	0.17433553398575835	0.1939434732252011	0.19233621349573857	0.3140531677112941	0.3314236087802236	0.4902088390752873	0.6156965343807538	0.5528899271159867	0.571948797039713	0.516603045280619	0.5338466628538061
SpaceFlow_4	0.45644604880112893	0.536961465620186	0.3087436095404689	0.39713503077300455	0.2637125926404001	0.2291216103250985	0.2443834927224849	0.20780573981077943	0.6037391147722413	0.6436152979033447	0.4529113854232192	0.5431758149186567	0.6157262837876085	0.5614723015502717	0.5123482433182414	0.6058892514708727	0.5783478898480227	0.6441481476100234	0.6210079305261953	0.4939178827857392	0.4623026015936999	0.8740650324575141	0.0	0.32510144947268055	0.189310833449188	0.18889699316284567	0.20878112660528628	0.20810741529684382	0.3305755108420514	0.34922239032169416	0.4787892678039818	0.672440331587604	0.5691609896886282	0.6209901336937157	0.527419784626148	0.536432474468981
DRSC_4	0.2154250664579725	0.36360673821656675	0.44876013777295864	0.3064181443622765	0.4161365970650762	0.4819815227757447	0.4842189293859189	0.4451820602293788	0.35839497013518284	0.38002457162246106	0.4458274860059306	0.3971031068805924	0.3180998698164096	0.3151433365586931	0.3309608443657615	0.39881439765660404	0.39868163037018306	0.38608842538982624	0.40602971768524493	0.2779647488560107	0.28602687328333354	0.3261652239678919	0.32510144947268055	0.0	0.46263692358515973	0.4633357705426626	0.46333878318372945	0.47403050039380823	0.5485357941530729	0.5557495610172516	0.3084527392743421	0.3063968735870314	0.24844954375502973	0.2636575621427309	0.3024173911814324	0.3245933982796431
seurat_2	0.20855524417603954	0.29250663824367507	0.5556004533619244	0.25014494822601174	0.5087547427719045	0.7004944629701756	0.65192753023957	0.7575762072265486	0.2229657743179884	0.2378863494796664	0.2888448978499449	0.22508926925497097	0.17264121912826427	0.17119083447811304	0.20010312062210375	0.27193305156198555	0.2655963424072618	0.25918849533893845	0.2828370984510124	0.16604096464596746	0.18624084249846617	0.1747231831980881	0.189310833449188	0.46263692358515973	0.0	0.9944310033055045	0.9264736073551704	0.9354603618304517	0.5674746301814362	0.5820989083335526	0.19554722415549067	0.18059276159582988	0.14605326944307412	0.2384754050743124	0.16788376820538267	0.18840239792586475
seurat_3	0.20795415375760065	0.2915837807475943	0.554679533101881	0.24936503675810298	0.5078776673885541	0.7013632557457457	0.6522558362936194	0.7577362484798651	0.22234980993314532	0.2373163070811576	0.2881784443878024	0.2244306161078988	0.17224888024690094	0.17075965806409776	0.19945939163534948	0.271343779520886	0.26489740992702915	0.25860052047385174	0.2822467685765918	0.16555679020052141	0.1856309452720213	0.17433553398575835	0.18889699316284567	0.4633357705426626	0.9944310033055045	0.0	0.9281692895947069	0.9373636121264474	0.567150245565631	0.5819718679324591	0.19497722402094514	0.1800964905468599	0.1457738939021288	0.23781294726646565	0.16744800536060644	0.18791700962745853
seurat_1	0.22570958513671552	0.30655165163428916	0.5295000489478341	0.257433140957529	0.490147199225006	0.6596514075622724	0.6969930846860997	0.7164360834568874	0.23719378499808239	0.25221282685365803	0.3026137822090937	0.23911182979400958	0.1873287715518784	0.18721939263407236	0.2182396624752075	0.29596801954373103	0.2884434749150133	0.28149065121966665	0.30842176106624547	0.18268985188032064	0.20449212608178735	0.1939434732252011	0.20878112660528628	0.46333878318372945	0.9264736073551704	0.9281692895947069	0.0	0.9708980174046767	0.5865465488253417	0.5630740716228215	0.2062513453733624	0.1973368701933044	0.16209971524823924	0.25898222255367515	0.18401122794136798	0.19869152299237702
seurat_4	0.2261737965320411	0.3058240781067471	0.5234475416084723	0.2559581761174174	0.4812404312807229	0.6488369733109597	0.686876302494096	0.7074287586296494	0.24206836141031732	0.2581007839319293	0.31063541114359283	0.24440771848590587	0.18933318261586815	0.18702013996435427	0.2179968718011312	0.2936683490743379	0.28689402076679466	0.2796714016421641	0.3057523451416971	0.18141415546498565	0.20179613896779627	0.19233621349573857	0.20810741529684382	0.47403050039380823	0.9354603618304517	0.9373636121264474	0.9708980174046767	0.0	0.5813923873285504	0.558309751360479	0.2118066339178473	0.19703331118985332	0.16161236319347955	0.25876423982385854	0.1817228984563131	0.20480252056510304
BANKSY_2	0.22128680628336667	0.41681861341830007	0.6491906908590519	0.3124901706272467	0.5188688211913505	0.7405797876007473	0.790876518535871	0.7282863521605452	0.3396253010233616	0.357043639170717	0.4077231761620649	0.3282839696804287	0.30633632478357165	0.27268331930361966	0.29305652995592696	0.45421860175452394	0.4266439071672708	0.4179700295811307	0.4561837637896115	0.28259873016657	0.28619356358484227	0.3140531677112941	0.3305755108420514	0.5485357941530729	0.5674746301814362	0.567150245565631	0.5865465488253417	0.5813923873285504	0.0	0.9128506245067065	0.29924618126037617	0.2992715726613306	0.2460566706754569	0.26290325839651757	0.2892956950322551	0.3065155915890836
BANKSY_4	0.23707863421695774	0.44141296517111706	0.6495976095623097	0.34517165804368166	0.51941486242729	0.7476849273830611	0.7406825933562348	0.7386563392238414	0.3387990794053432	0.3765733795638791	0.40261812775272743	0.32843594978073337	0.32108602287410076	0.2722204926386017	0.29006706092104717	0.47303106217546614	0.446460894365616	0.43569399986510804	0.4719734408064504	0.2796062651232699	0.2828955343563142	0.3314236087802236	0.34922239032169416	0.5557495610172516	0.5820989083335526	0.5819718679324591	0.5630740716228215	0.558309751360479	0.9128506245067065	0.0	0.3016945619977467	0.3004387772160857	0.24880938653909618	0.26439054879344226	0.29334269097462073	0.30827243916423125
STAGATE_12	0.316259148785919	0.4938862470795902	0.3012491854830162	0.44252100895946045	0.31722683078604363	0.2328951490964515	0.2354234113005878	0.20848812742371156	0.5338679085041479	0.48839389425133906	0.5158876853851023	0.5953909023263071	0.531980773839753	0.525809061597606	0.5407822094995258	0.5123824721946767	0.529381500896763	0.545547375705173	0.5488846914584835	0.6785916244805461	0.683868191445918	0.4902088390752873	0.4787892678039818	0.3084527392743421	0.19554722415549067	0.19497722402094514	0.2062513453733624	0.2118066339178473	0.29924618126037617	0.3016945619977467	0.0	0.5436186567699497	0.4240978559563409	0.470281412950235	0.6124556898227236	0.8112402635483582
STAGATE_11	0.42948732293854114	0.47734850900210907	0.29749419200814176	0.34989011190169184	0.25843297690685607	0.2154067534579047	0.22804879455672944	0.1962055059109151	0.6626072888521686	0.6167173241777063	0.4882459390118582	0.5919558399746686	0.5740148341961787	0.6120263924944493	0.5649240595489877	0.5390736967417439	0.5134730868120334	0.5660349186937286	0.5597357391455781	0.517906785431625	0.49307329057069826	0.6156965343807538	0.672440331587604	0.3063968735870314	0.18059276159582988	0.1800964905468599	0.1973368701933044	0.19703331118985332	0.2992715726613306	0.3004387772160857	0.5436186567699497	0.0	0.6186896928180162	0.679113521403668	0.5948178177818773	0.5910151407895764
STAGATE_3	0.4007617828527638	0.3917406718364322	0.22935634588902776	0.2805019987597051	0.20533625480110113	0.17506476734197102	0.18692916831482806	0.15931990794320802	0.47137112932360425	0.4522297295510784	0.3585087337007483	0.42588627068383306	0.4829049460809998	0.5108817226568071	0.46005538898361165	0.44101815072303385	0.41859784062395133	0.4723127816230693	0.4773718144011764	0.4145162746134226	0.4039824313075312	0.5528899271159867	0.5691609896886282	0.24844954375502973	0.14605326944307412	0.1457738939021288	0.16209971524823924	0.16161236319347955	0.2460566706754569	0.24880938653909618	0.4240978559563409	0.6186896928180162	0.0	0.541005578048526	0.47911373963184073	0.46696549742769283
STAGATE_10	0.6076595914542259	0.4389900321841246	0.26312454695256454	0.31934785087784956	0.2343097368125749	0.18484053059584166	0.23553187303257794	0.20242660555723505	0.5490466572579501	0.5191874312857575	0.40049514503114514	0.4918115928537202	0.47331345521439344	0.4967203195724212	0.4661566544179564	0.5015976067856713	0.46358191957361256	0.5250003646573378	0.5206588950522678	0.44025476145601256	0.4207819836835287	0.571948797039713	0.6209901336937157	0.2636575621427309	0.2384754050743124	0.23781294726646565	0.25898222255367515	0.25876423982385854	0.26290325839651757	0.26439054879344226	0.470281412950235	0.679113521403668	0.541005578048526	0.0	0.4786776019394815	0.5014058541660662
STAGATE_1	0.31139612308079795	0.4254458860125314	0.2773392106152964	0.3607073062939141	0.2833490911815198	0.21727595543200245	0.22439926038733443	0.1911149951351149	0.4959344968692837	0.4740181132085095	0.4778744867779548	0.554441726845713	0.5396675702965185	0.5388563615370193	0.5316568758505494	0.505320816307242	0.5072096000871069	0.5205807837295371	0.5208527854783749	0.5863233884954415	0.5756456002491734	0.516603045280619	0.527419784626148	0.3024173911814324	0.16788376820538267	0.16744800536060644	0.18401122794136798	0.1817228984563131	0.2892956950322551	0.29334269097462073	0.6124556898227236	0.5948178177818773	0.47911373963184073	0.4786776019394815	0.0	0.6608328394569931
STAGATE_13	0.33379561286395104	0.48460196088449925	0.2971690570679243	0.4092772768380843	0.3159029457868549	0.22857266007934635	0.24013646524848817	0.20306584955878484	0.5758929221538001	0.5130940109764206	0.5438899005660647	0.6348573249995152	0.5614577226764177	0.5859057491220074	0.5764056666842164	0.555748724308438	0.546536305052135	0.5880323869318762	0.5914444525381796	0.6501153694893558	0.6597804124900887	0.5338466628538061	0.536432474468981	0.3245933982796431	0.18840239792586475	0.18791700962745853	0.19869152299237702	0.20480252056510304	0.3065155915890836	0.30827243916423125	0.8112402635483582	0.5910151407895764	0.46696549742769283	0.5014058541660662	0.6608328394569931	0.0
